"customer_code","last_order_date","recency_days","n_orders_total","revenue_total","avg_order_value","n_product_groups","trend_slope","active_in_t3","customer_name","province_name","region","prob_active_30d","activity_risk","priority_contact"
"","2026-03-31",0,325,8608511731,26487728.0,6,0.0,1,"","","",1.0,"Tích cực",0
"KH-00001","2025-03-26",370,3,11527779,3842593.0,1,6916667.0,0,"HỘ KINH DOANH TÚ ANH","Hà Nội","Miền Bắc",0.359,"Trung bình",0
"KH-00002","2025-01-06",449,1,3509259,3509259.0,1,0.0,0,"CÔNG TY TNHH THƯƠNG MẠI VIỆT ANH","Hà Nội","Miền Bắc",0.2299,"Nguy cơ cao",1
"KH-00003","2025-01-06",449,1,2398148,2398148.0,1,0.0,0,"CÔNG TY CỔ PHẦN THƯƠNG MẠI NAM TIẾN","Hà Nội","Miền Bắc",0.2272,"Nguy cơ cao",1
"KH-00004","2026-03-17",14,12,325238580,27103215.0,5,3217025.6,1,"DOANH NGHIỆP TW KHẢI HOÀN","","",0.8239,"Tích cực",0
"KH-00005","2025-01-07",448,1,4425926,4425926.0,1,0.0,0,"CÔNG TY TNHH ĐẠI LỢI","Hà Nội","Miền Bắc",0.2316,"Nguy cơ cao",1
"KH-00006","2026-03-27",4,83,1290609765,15549515.0,5,26496837.91,1,"CÔNG TY TNHH CHI THÀNH","TP. Hồ Chí Minh","Miền Nam",1.0,"Tích cực",0
"KH-00007","2026-03-18",13,12,824872376,68739365.0,5,20185855.6,1,"CÔNG TY TNHH THƯƠNG MẠI ĐẠI LỢI","Lê Hoàn - Thị trấn Thọ Xuân - Huyện Thọ Xuân - Thanh Hoá","Miền Bắc",0.5972,"Trung bình",0
"KH-00008","2026-01-17",73,2,13685186,6842593.0,1,388890.0,0,"CÔNG TY CỔ PHẦN YÊN BÌNH","Hưng Yên","Miền Bắc",0.1458,"Nguy cơ cao",1
"KH-00009","2026-02-09",50,2,88888888,44444444.0,1,-0.0,0,"CỬA HÀNG XE ĐẠP THIÊN AN","Hà Nội","Miền Bắc",0.1914,"Nguy cơ cao",1
"KH-00010","2026-03-24",7,12,493851087,41154257.0,6,21803373.0,1,"CỬA HÀNG XE ĐẠP QUANG VINH","Thái Nguyên","Miền Bắc",0.7223,"Tích cực",0
"KH-00011","2025-03-06",390,2,4611112,2305556.0,1,-0.0,0,"DOANH NGHIỆP TW NAM TIẾN","Hà Nội","Miền Bắc",0.2815,"Nguy cơ cao",1
"KH-00012","2025-03-10",386,2,5185186,2592593.0,1,-0.0,0,"HỘ KINH DOANH THIÊN AN","Hà Nội","Miền Bắc",0.2798,"Nguy cơ cao",1
"KH-00013","2025-01-10",445,1,2490741,2490741.0,0,0.0,0,"DOANH NGHIỆP TW THANH BÌNH","Hưng Yên","Miền Bắc",0.2416,"Nguy cơ cao",1
"KH-00014","2026-03-31",0,9,310207551,34467506.0,5,22551177.8,1,"HỘ KINH DOANH LONG PHÚ","Bắc Ninh","Miền Bắc",0.5423,"Trung bình",0
"KH-00015","2025-03-25",371,3,77930000,25976667.0,4,31510000.0,0,"DOANH NGHIỆP TW MINH PHƯƠNG","Phú Thọ","Miền Bắc",0.2951,"Nguy cơ cao",1
"KH-00016","2025-03-26",370,4,93910000,23477500.0,2,20450000.0,0,"DOANH NGHIỆP TW VIỆT ANH","Quảng Trị","Miền Trung",0.4366,"Trung bình",0
"KH-00017","2025-01-10",445,1,23350000,23350000.0,1,0.0,0,"CỬA HÀNG XE ĐẠP THUỶ TIÊN","TT Hương Sơn- Phú Bình- Thái Nguyên","Miền Bắc",0.2797,"Nguy cơ cao",1
"KH-00018","2026-03-29",2,14,487106659,34793333.0,5,29240634.9,1,"CÔNG TY TNHH THƯƠNG MẠI PHÚ THỊNH","Hà Nội","Miền Bắc",0.8595,"Tích cực",0
"KH-00019","2026-03-26",5,70,4483061201,64043731.0,6,113540167.74,1,"CÔNG TY CỔ PHẦN THƯƠNG MẠI LÊ ANH","TP. Hồ Chí Minh","Miền Nam",1.0,"Tích cực",0
"KH-00020","2025-01-11",444,1,124583332,124583332.0,1,0.0,0,"DOANH NGHIỆP TW TRƯỜNG THỊNH","Hà Nội","Miền Bắc",0.6103,"Tích cực",0
"KH-00021","2025-01-11",444,1,87037037,87037037.0,1,0.0,0,"HỘ KINH DOANH XÂY DỰNG","Hà Nội","Miền Bắc",0.4826,"Trung bình",0
"KH-00022","2026-03-23",8,18,548880528,30493363.0,6,66454388.1,1,"CÔNG TY CỔ PHẦN VIỆT ANH","Hà Nội","Miền Bắc",0.9535,"Tích cực",0
"KH-00023","2026-03-31",0,7,805982404,115140343.0,2,-58390833.1,1,"CÔNG TY TNHH THANH BÌNH","Hà Nội","Miền Bắc",0.4399,"Trung bình",0
"KH-00024","2026-03-31",0,20,948469943,47423497.0,5,50490526.71,1,"CÔNG TY TNHH MINH PHƯƠNG","Ninh Bình","Miền Bắc",0.9533,"Tích cực",0
"KH-00025","2025-01-13",442,1,13277778,13277778.0,1,0.0,0,"DOANH NGHIỆP TW SƠN HÀ","Thanh Hoá","Miền Trung",0.251,"Nguy cơ cao",1
"KH-00026","2025-01-13",442,1,7777778,7777778.0,1,0.0,0,"CÔNG TY CỔ PHẦN LÊ ANH","Thanh Hóa","Miền Trung",0.237,"Nguy cơ cao",1
"KH-00027","2026-03-31",0,18,554169348,30787186.0,6,48628236.69,1,"HỘ KINH DOANH ĐẠI DƯƠNG","Hà Nội","Miền Bắc",0.9573,"Tích cực",0
"KH-00028","2025-03-28",368,2,51050000,25525000.0,4,-17970000.0,0,"DOANH NGHIỆP TW PHÚ THỊNH","Phú Thọ","Miền Bắc",0.2889,"Nguy cơ cao",1
"KH-00029","2025-01-16",439,1,4055556,4055556.0,0,0.0,0,"CÔNG TY TNHH THƯƠNG MẠI THANH BÌNH","Phan Thiết","Miền Bắc",0.2425,"Nguy cơ cao",1
"KH-00030","2026-01-29",61,2,1366346297,683173148.0,3,4709259.0,0,"CỬA HÀNG XE ĐẠP BÌNH MINH","Bắc Giang","Miền Bắc",0.993,"Tích cực",0
"KH-00031","2025-01-16",439,1,4907408,4907408.0,1,0.0,0,"CÔNG TY CỔ PHẦN THƯƠNG MẠI ĐẠI DƯƠNG","Hà Nội","Miền Bắc",0.2284,"Nguy cơ cao",1
"KH-00032","2025-01-16",439,1,1935185,1935185.0,0,0.0,0,"HỘ KINH DOANH CHI THÀNH","Hà Nội","Miền Bắc",0.2371,"Nguy cơ cao",1
"KH-00033","2025-01-17",438,1,11064815,11064815.0,1,0.0,0,"CỬA HÀNG XE ĐẠP HÙNG CƯỜNG","Hà Nội","Miền Bắc",0.2432,"Nguy cơ cao",1
"KH-00034","2025-02-20",404,2,32750000,16375000.0,3,9250000.0,0,"CÔNG TY TNHH BÌNH MINH","Đà Nẵng","Miền Trung",0.2691,"Nguy cơ cao",1
"KH-00035","2025-03-28",368,4,63200000,15800000.0,2,33200000.0,0,"CỬA HÀNG XE ĐẠP TÂY BẮC","Đà Nẵng","Miền Trung",0.407,"Trung bình",0
"KH-00036","2025-02-07",417,3,46324073,15441358.0,1,-16361111.0,0,"CÔNG TY TNHH THƯƠNG MẠI PHÚC AN","Hà Nội","Miền Bắc",0.4487,"Trung bình",0
"KH-00037","2025-01-20",435,1,3879630,3879630.0,1,0.0,0,"CÔNG TY TNHH THƯƠNG MẠI THANH BÌNH","Hà Nội","Miền Bắc",0.224,"Nguy cơ cao",1
"KH-00038","2025-02-21",403,2,106679035,53339518.0,2,41979035.0,0,"DOANH NGHIỆP TW TÂN TIẾN","Thái Nguyên","Miền Bắc",0.318,"Trung bình",0
"KH-00039","2026-01-20",70,2,214953705,107476852.0,4,-92453685.0,0,"CÔNG TY CỔ PHẦN ĐÔNG NAM","Phú Quốc","Miền Bắc",0.4137,"Trung bình",0
"KH-00040","2025-03-29",367,3,293400000,97800000.0,1,-69300000.0,0,"CÔNG TY TNHH VẠN LỢI","Vinh","Miền Bắc",0.6441,"Tích cực",0
"KH-00041","2025-01-22",433,1,11064815,11064815.0,1,0.0,0,"CỬA HÀNG XE ĐẠP ĐÔNG NAM","Thanh Hóa","Miền Trung",0.2407,"Nguy cơ cao",1
"KH-00042","2026-03-16",15,11,313552605,28504782.0,4,11636009.74,1,"HỘ KINH DOANH MẶT TRỜI","Hà Nội","Miền Bắc",0.7653,"Tích cực",0
"KH-00043","2025-02-20",404,3,30650000,10216667.0,3,25930000.0,0,"CÔNG TY TNHH LONG PHÚ","TP Đà Nẵng","Miền Bắc",0.3192,"Trung bình",0
"KH-00044","2026-03-16",15,3,100591187,33530396.0,2,-2842177.5,1,"CÔNG TY TNHH THƯƠNG MẠI NGỌC ANH","Tam Kỳ","Miền Bắc",0.2014,"Nguy cơ cao",1
"KH-00045","2025-01-23",432,1,18111112,18111112.0,1,0.0,0,"CÔNG TY TNHH AN PHÁT","Quảng Nam","Miền Trung",0.2584,"Nguy cơ cao",1
"KH-00046","2026-03-17",14,5,529289495,105857899.0,2,36450011.5,1,"CÔNG TY CỔ PHẦN THƯƠNG MẠI MẶT TRỜI","Đồng Hới","Miền Bắc",0.2713,"Nguy cơ cao",1
"KH-00047","2025-02-04",420,1,36180000,36180000.0,1,0.0,0,"CÔNG TY CỔ PHẦN THƯƠNG MẠI TÚ ANH","Vĩnh Phúc","Miền Bắc",0.302,"Trung bình",0
"KH-00048","2026-03-31",0,5,26574074,5314815.0,2,18518.0,1,"CÔNG TY TNHH THUỶ TIÊN","Hà Nội","Miền Bắc",0.3208,"Trung bình",0
"KH-00049","2026-03-12",19,7,157368957,22481280.0,4,-6140768.2,1,"CÔNG TY CỔ PHẦN THUỶ TIÊN","Bắc Ninh","Miền Bắc",0.4811,"Trung bình",0
"KH-00050","2025-02-07",417,1,2305556,2305556.0,1,0.0,0,"CÔNG TY TNHH AN PHÁT","Hải Dương","Miền Bắc",0.2118,"Nguy cơ cao",1
"KH-00051","2025-02-07",417,1,4611111,4611111.0,1,0.0,0,"CÔNG TY CỔ PHẦN KHẢI HOÀN","Hưng Yên","Miền Bắc",0.2172,"Nguy cơ cao",1
"KH-00052","2025-02-07",417,1,2212963,2212963.0,1,0.0,0,"DOANH NGHIỆP TW TÂN TIẾN","Chí Linh","Miền Bắc",0.2116,"Nguy cơ cao",1
"KH-00053","2025-02-07",417,1,3694444,3694444.0,1,0.0,0,"CÔNG TY TNHH TRƯỜNG THỊNH","Hà Nội","Miền Bắc",0.2151,"Nguy cơ cao",1
"KH-00054","2025-02-10",414,1,2398148,2398148.0,1,0.0,0,"HỘ KINH DOANH TRÍ ĐỨC","Hà Nội","Miền Bắc",0.2107,"Nguy cơ cao",1
"KH-00055","2025-02-10",414,1,4983333,4983333.0,1,0.0,0,"CÔNG TY TNHH THƯƠNG MẠI TÂY BẮC","Đắk Lắk","Miền Trung",0.2167,"Nguy cơ cao",1
"KH-00056","2025-02-10",414,1,33090000,33090000.0,3,0.0,0,"DOANH NGHIỆP TW ĐÔNG NAM","Hà Nam","Miền Bắc",0.2541,"Nguy cơ cao",1
"KH-00057","2025-03-29",367,5,563575152,112715030.0,4,258464848.0,0,"CÔNG TY CỔ PHẦN THƯƠNG MẠI TOÀN THẮNG","Nam Định","Miền Bắc",0.1453,"Nguy cơ cao",1
"KH-00058","2025-02-10",414,1,24000000,24000000.0,1,0.0,0,"DOANH NGHIỆP TW SÁN LẠP","TP Hải Dương","Miền Bắc",0.2645,"Nguy cơ cao",1
"KH-00059","2025-02-10",414,1,48680000,48680000.0,2,0.0,0,"CÔNG TY TNHH TRÍ ĐỨC","Hải Dương","Miền Bắc",0.3161,"Trung bình",0
"KH-00060","2025-02-10",414,1,25550000,25550000.0,1,0.0,0,"CÔNG TY TNHH THƯƠNG MẠI VẠN LỢI","Hà Nam","Miền Bắc",0.2687,"Nguy cơ cao",1
"KH-00061","2025-02-10",414,1,13730000,13730000.0,3,0.0,0,"HỘ KINH DOANH THUỶ TIÊN","Hòa Bình","Miền Bắc",0.2068,"Nguy cơ cao",1
"KH-00062","2025-03-31",365,2,119540000,59770000.0,5,-24140000.0,0,"CÔNG TY CỔ PHẦN YÊN BÌNH","Lạng Sơn","Miền Bắc",0.3539,"Trung bình",0
"KH-00063","2025-03-28",368,2,51715148,25857574.0,2,10484852.0,0,"HỘ KINH DOANH VẠN LỢI","Bắc Giang","Miền Bắc",0.2851,"Nguy cơ cao",1
"KH-00064","2025-03-28",368,6,363062500,60510417.0,5,101262500.0,0,"CÔNG TY TNHH SƠN HÀ","Khu 6 – TT Gia Lộc – Huyện Gia Lộc – Hải Dương","Miền Bắc",0.3809,"Trung bình",0
"KH-00065","2025-03-25",371,8,550630000,68828750.0,5,386270000.0,0,"CÔNG TY CỔ PHẦN QUANG VINH","Hà Nội","Miền Bắc",0.1096,"Nguy cơ cao",1
"KH-00066","2025-02-10",414,1,34390000,34390000.0,2,0.0,0,"CÔNG TY CỔ PHẦN NGỌC ANH","Hà Nộ","Miền Bắc",0.2751,"Nguy cơ cao",1
"KH-00067","2025-03-31",365,9,213946302,23771811.0,5,76163340.0,0,"DOANH NGHIỆP TW NGỌC ANH","Hà Nội","Miền Bắc",0.7206,"Tích cực",0
"KH-00068","2025-03-18",378,3,48010000,16003333.0,2,-13030000.0,0,"CÔNG TY CỔ PHẦN SÁN LẠP","Vĩnh Phúc","Miền Bắc",0.3957,"Trung bình",0
"KH-00069","2026-01-07",83,3,16611111,5537037.0,1,-5537037.0,0,"CÔNG TY TNHH MINH PHƯƠNG","Hà Nội","Miền Bắc",0.219,"Nguy cơ cao",1
"KH-00070","2025-02-13",411,1,8851852,8851852.0,1,0.0,0,"CÔNG TY TNHH THƯƠNG MẠI CHI THÀNH","TP. Hồ Chí Minh","Miền Nam",0.2244,"Nguy cơ cao",1
"KH-00071","2025-02-14",410,1,3509259,3509259.0,1,0.0,0,"CỬA HÀNG XE ĐẠP BÌNH MINH","Hà Nội","Miền Bắc",0.2114,"Nguy cơ cao",1
"KH-00072","2026-03-25",6,2,16061109,8030554.0,1,9161109.0,1,"DOANH NGHIỆP TW PHÚC AN","Hà Tĩnh","Miền Trung",0.1189,"Nguy cơ cao",1
"KH-00073","2025-03-31",365,2,62612500,31306250.0,2,-7507500.0,0,"CỬA HÀNG XE ĐẠP KHẢI HOÀN","Thanh Hoá","Miền Trung",0.3222,"Trung bình",0
"KH-00074","2026-03-06",25,4,48486566,12121642.0,3,-1512344.0,1,"CÔNG TY TNHH THƯƠNG MẠI HOÀ BÌNH","Hòa Bình","Miền Bắc",0.2354,"Nguy cơ cao",1
"KH-00075","2026-01-26",64,7,367627614,52518231.0,5,-24108895.5,0,"CÔNG TY CỔ PHẦN ĐÔNG NAM","Hà Nội","Miền Bắc",0.4678,"Trung bình",0
"KH-00076","2026-03-25",6,11,1171219711,106474519.0,4,84054137.2,1,"CỬA HÀNG XE ĐẠP ĐẠI LỢI","Bắc Giang","Miền Bắc",0.2677,"Nguy cơ cao",1
"KH-00077","2025-02-14",410,1,35020000,35020000.0,2,0.0,0,"CÔNG TY CỔ PHẦN THƯƠNG MẠI NGỌC ANH","Hà Nội","Miền Bắc",0.2746,"Nguy cơ cao",1
"KH-00078","2026-01-31",59,17,301886045,17758003.0,5,-11641444.5,0,"HỘ KINH DOANH VĨNH PHÁT","Hà Nội","Miền Bắc",0.9818,"Tích cực",0
"KH-00079","2026-03-25",6,8,255747688,31968461.0,6,2619080.9,1,"CÔNG TY TNHH ĐÔNG NAM","Bắc Giang","Miền Bắc",0.4815,"Trung bình",0
"KH-00080","2025-02-14",410,1,60020000,60020000.0,1,0.0,0,"HỘ KINH DOANH VĨNH PHÁT","Hà Nội","Miền Bắc",0.369,"Trung bình",0
"KH-00081","2025-02-14",410,1,45220000,45220000.0,4,0.0,0,"CÔNG TY TNHH THƯƠNG MẠI KHẢI HOÀN","Hưng Yên","Miền Bắc",0.2669,"Nguy cơ cao",1
"KH-00082","2025-02-14",410,1,43600000,43600000.0,2,0.0,0,"CÔNG TY TNHH THƯƠNG MẠI PHÚC AN","Vĩnh Phúc","Miền Bắc",0.2988,"Nguy cơ cao",1
"KH-00083","2025-03-19",377,2,141400000,70700000.0,3,62500000.0,0,"CÔNG TY CỔ PHẦN THƯƠNG MẠI THANH BÌNH","Hưng Yên","Miền Bắc",0.2908,"Nguy cơ cao",1
"KH-00084","2025-02-14",410,1,17860000,17860000.0,2,0.0,0,"CỬA HÀNG XE ĐẠP TOÀN THẮNG","Hưng Yên","Miền Bắc",0.23,"Nguy cơ cao",1
"KH-00085","2025-03-27",369,2,46780000,23390000.0,2,-740000.0,0,"CÔNG TY CỔ PHẦN THƯƠNG MẠI NGỌC ANH","Hà Nội","Miền Bắc",0.2968,"Nguy cơ cao",1
"KH-00086","2025-03-24",372,3,110019361,36673120.0,4,42724213.0,0,"CÔNG TY TNHH NGỌC ANH","Hà Nội","Miền Bắc",0.2943,"Nguy cơ cao",1
"KH-00087","2025-02-14",410,1,24200000,24200000.0,1,0.0,0,"CỬA HÀNG XE ĐẠP SÁN LẠP","Nghệ An","Miền Trung",0.2629,"Nguy cơ cao",1
"KH-00088","2026-03-11",20,9,489869595,54429955.0,4,28811616.3,1,"CỬA HÀNG XE ĐẠP SÁN LẠP","Nghệ An","Miền Trung",0.4969,"Trung bình",0
"KH-00089","2025-02-14",410,1,138392643,138392643.0,3,0.0,0,"HỘ KINH DOANH TOÀN THẮNG","Nghệ A","Miền Bắc",0.5904,"Trung bình",0
"KH-00090","2025-02-15",409,1,8518519,8518519.0,1,0.0,0,"CÔNG TY TNHH THƯƠNG MẠI TÂY BẮC","Thanh Hoá","Miền Trung",0.2227,"Nguy cơ cao",1
"KH-00091","2026-03-31",0,55,9457911935,171962035.0,6,718094595.4,1,"CÔNG TY TNHH BÌNH MINH","Hà Nội","Miền Bắc",0.0,"Nguy cơ cao",1
"KH-00092","2025-03-31",365,3,51482643,17160881.0,2,22962643.0,0,"CÔNG TY CỔ PHẦN THƯƠNG MẠI XUÂN MAI","Hà Nội","Miền Bắc",0.3303,"Trung bình",0
"KH-00093","2025-03-25",371,4,112430000,28107500.0,4,45290000.0,0,"CÔNG TY CỔ PHẦN PHÚC AN","Hà Nội","Miền Bắc",0.3559,"Trung bình",0
"KH-00094","2025-03-31",365,2,41790000,20895000.0,3,-4870000.0,0,"HỘ KINH DOANH SÁN LẠP","Phú Thọ","Miền Bắc",0.2769,"Nguy cơ cao",1
"KH-00095","2025-02-17",407,1,34730000,34730000.0,3,0.0,0,"CÔNG TY CỔ PHẦN THƯƠNG MẠI KHẢI HOÀN","Hà Nội","Miền Bắc",0.2547,"Nguy cơ cao",1
"KH-00096","2025-03-18",378,2,52127000,26063500.0,3,3447000.0,0,"CÔNG TY TNHH THƯƠNG MẠI SƠN HÀ","Hà Nội","Miền Bắc",0.283,"Nguy cơ cao",1
"KH-00097","2025-03-31",365,8,199350113,24918764.0,5,-64741097.0,0,"CÔNG TY TNHH XUÂN MAI","Hà Nội","Miền Bắc",0.8263,"Tích cực",0
"KH-00098","2025-03-18",378,3,302480000,100826667.0,2,-1080000.0,0,"HỘ KINH DOANH MẶT TRỜI","Nghệ An","Miền Trung",0.5175,"Trung bình",0
"KH-00099","2025-02-17",407,1,43710000,43710000.0,4,0.0,0,"CÔNG TY TNHH NGỌC ANH","Hà Nội","Miền Bắc",0.2613,"Nguy cơ cao",1
"KH-00100","2025-03-22",374,3,87295102,29098367.0,4,10156058.0,0,"CỬA HÀNG XE ĐẠP ĐẠI LỢI","Hà Nội","Miền Bắc",0.3342,"Trung bình",0
"KH-00101","2025-03-24",372,3,35420000,11806667.0,3,33060000.0,0,"CÔNG TY CỔ PHẦN THƯƠNG MẠI QUANG VINH","Hà Nội","Miền Bắc",0.292,"Nguy cơ cao",1
"KH-00102","2026-03-14",17,2,94088326,47044163.0,1,-45311674.0,1,"CỬA HÀNG XE ĐẠP AN PHÁT","Bắc Ninh","Miền Bắc",0.2345,"Nguy cơ cao",1
"KH-00103","2025-02-19",405,1,18680556,18680556.0,1,0.0,0,"CÔNG TY CỔ PHẦN AN PHÁT","Bắc Giang","Miền Bắc",0.2458,"Nguy cơ cao",1
"KH-00104","2025-03-25",371,3,226215286,75405095.0,3,95544714.0,0,"DOANH NGHIỆP TW THUỶ TIÊN","Thanh Hóa","Miền Trung",0.2893,"Nguy cơ cao",1
"KH-00105","2025-02-19",405,1,34910000,34910000.0,2,0.0,0,"CỬA HÀNG XE ĐẠP PHÚC AN","Bắc Ninh","Miền Bắc",0.2716,"Nguy cơ cao",1
"KH-00106","2025-02-19",405,1,88360000,88360000.0,2,0.0,0,"CÔNG TY TNHH THƯƠNG MẠI TOÀN THẮNG","Thanh Hóa","Miền Trung",0.4381,"Trung bình",0
"KH-00107","2025-03-28",368,3,82830000,27610000.0,2,39310000.0,0,"CÔNG TY TNHH LONG PHÚ","Bắc Ninh","Miền Bắc",0.3223,"Trung bình",0
"KH-00108","2025-02-19",405,1,35900000,35900000.0,3,0.0,0,"HỘ KINH DOANH LÊ ANH","Hà Nội","Miền Bắc",0.2568,"Nguy cơ cao",1
"KH-00109","2025-03-31",365,3,80790000,26930000.0,3,56990000.0,0,"CÔNG TY CỔ PHẦN VẠN LỢI","Hà Nội","Miền Bắc",0.2745,"Nguy cơ cao",1
"KH-00110","2025-03-24",372,2,57900000,28950000.0,3,18400000.0,0,"CỬA HÀNG XE ĐẠP TÂY BẮC","Hà Nội","Miền Bắc",0.2645,"Nguy cơ cao",1
"KH-00111","2025-03-27",369,2,72628500,36314250.0,4,20548500.0,0,"DOANH NGHIỆP TW MẶT TRỜI","Hà Nội","Miền Bắc",0.2573,"Nguy cơ cao",1
"KH-00112","2025-03-19",377,2,61441481,30720740.0,3,-8918519.0,0,"HỘ KINH DOANH TÚ ANH","Khu 2- thị trấn Kim Tân- Thạch Thành - Thanh Hóa","Miền Bắc",0.3108,"Trung bình",0
"KH-00113","2026-01-24",66,2,41439439,20719720.0,1,5859439.0,0,"DOANH NGHIỆP TW XÂY DỰNG","Thanh Hoá","Miền Trung",0.1567,"Nguy cơ cao",1
"KH-00114","2025-02-19",405,1,22550000,22550000.0,3,0.0,0,"CỬA HÀNG XE ĐẠP NGỌC ANH","Phố Kiểu - Yên Trường - Yên Định - Thanh Hoá","Miền Bắc",0.2232,"Nguy cơ cao",1
"KH-00115","2025-03-31",365,2,52250000,26125000.0,3,-12470000.0,0,"CÔNG TY CỔ PHẦN YÊN BÌNH","Thanh Hóa","Miền Trung",0.2991,"Nguy cơ cao",1
"KH-00116","2025-02-19",405,1,57090000,57090000.0,2,0.0,0,"HỘ KINH DOANH TOÀN THẮNG","Hưng Yên","Miền Bắc",0.3361,"Trung bình",0
"KH-00117","2025-03-31",365,2,48490000,24245000.0,2,570000.0,0,"HỘ KINH DOANH YÊN BÌNH","Hưng yên","Miền Bắc",0.2944,"Nguy cơ cao",1
"KH-00118","2025-02-20",404,1,7361111,7361111.0,1,0.0,0,"HỘ KINH DOANH HÙNG CƯỜNG","Nam Định","Miền Bắc",0.2176,"Nguy cơ cao",1
"KH-00119","2025-03-25",371,2,53513597,26756798.0,4,-3231519.0,0,"DOANH NGHIỆP TW MẶT TRỜI","Hà Nội","Miền Bắc",0.2721,"Nguy cơ cao",1
"KH-00120","2025-03-25",371,2,77920143,38960072.0,5,16434857.0,0,"CÔNG TY TNHH THANH BÌNH","Hà Nội","Miền Bắc",0.252,"Nguy cơ cao",1
"KH-00121","2025-02-20",404,1,25527929,25527929.0,4,0.0,0,"CÔNG TY TNHH CHI THÀNH","Hưng Yên","Miền Bắc",0.2144,"Nguy cơ cao",1
"KH-00122","2025-02-20",404,1,28520000,28520000.0,3,0.0,0,"CÔNG TY TNHH CHI THÀNH","Hưng Yên","Miền Bắc",0.2373,"Nguy cơ cao",1
"KH-00123","2025-02-20",404,1,17390000,17390000.0,2,0.0,0,"CÔNG TY CỔ PHẦN THƯƠNG MẠI LONG PHÚ","Hà Nội","Miền Bắc",0.2259,"Nguy cơ cao",1
"KH-00124","2025-02-20",404,1,36220000,36220000.0,2,0.0,0,"CÔNG TY CỔ PHẦN THƯƠNG MẠI AN PHÁT","Thanh Hoá","Miền Trung",0.2746,"Nguy cơ cao",1
"KH-00125","2025-02-20",404,1,21860000,21860000.0,1,0.0,0,"HỘ KINH DOANH BÌNH MINH","Thanh Hóa","Miền Trung",0.2536,"Nguy cơ cao",1
"KH-00126","2025-03-24",372,3,106170000,35390000.0,4,30230000.0,0,"HỘ KINH DOANH HOÀ BÌNH","Thanh Hoá","Miền Trung",0.3112,"Trung bình",0
"KH-00127","2025-02-20",404,1,48240000,48240000.0,1,0.0,0,"CỬA HÀNG XE ĐẠP TÂN TIẾN","Hà Nam","Miền Bắc",0.3284,"Trung bình",0
"KH-00128","2025-02-20",404,1,46560000,46560000.0,2,0.0,0,"HỘ KINH DOANH TÂY BẮC","Thanh Hóa","Miền Trung",0.3039,"Trung bình",0
"KH-00129","2025-02-20",404,1,60307929,60307929.0,4,0.0,0,"CÔNG TY CỔ PHẦN LÊ ANH","Tĩnh Thanh Hoá","Miền Bắc",0.3061,"Trung bình",0
"KH-00130","2025-03-31",365,5,191180000,38236000.0,3,117980000.0,0,"CÔNG TY CỔ PHẦN THƯƠNG MẠI THUỶ TIÊN","Thanh Hoá","Miền Trung",0.337,"Trung bình",0
"KH-00131","2025-02-20",404,1,35090000,35090000.0,2,0.0,0,"CÔNG TY TNHH QUANG VINH","Hà Nam","Miền Bắc",0.2715,"Nguy cơ cao",1
"KH-00132","2025-03-28",368,4,341650000,85412500.0,4,194170000.0,0,"CÔNG TY TNHH THƯƠNG MẠI HOÀ BÌNH","Nghệ An","Miền Trung",0.1872,"Nguy cơ cao",1
"KH-00133","2026-03-25",6,9,324903357,36100373.0,4,20989751.9,1,"DOANH NGHIỆP TW YÊN BÌNH","Thanh Hoá","Miền Trung",0.5657,"Trung bình",0
"KH-00134","2026-03-20",11,12,984310817,82025901.0,5,39435195.6,1,"DOANH NGHIỆP TW PHÚ THỊNH","Quảng Nam","Miền Trung",0.481,"Trung bình",0
"KH-00135","2025-02-22",402,1,34180000,34180000.0,3,0.0,0,"CỬA HÀNG XE ĐẠP XUÂN MAI","Ninh Bình","Miền Bắc",0.2507,"Nguy cơ cao",1
"KH-00136","2025-02-22",402,1,42370000,42370000.0,4,0.0,0,"CÔNG TY CỔ PHẦN NGỌC ANH","Tây Bình Cách - Xã Đông Xá - Huyện Đông Hưng - Thái Bình.","Miền Bắc",0.2551,"Nguy cơ cao",1
"KH-00137","2025-02-22",402,1,36580000,36580000.0,3,0.0,0,"CÔNG TY TNHH THƯƠNG MẠI QUANG VINH","Hà Nam","Miền Bắc",0.257,"Nguy cơ cao",1
"KH-00138","2025-02-22",402,1,52850000,52850000.0,3,0.0,0,"CÔNG TY TNHH THƯƠNG MẠI VĨNH PHÁT","Thái Bình","Miền Bắc",0.3021,"Trung bình",0
"KH-00139","2025-03-31",365,3,124298146,41432715.0,3,-22847574.0,0,"HỘ KINH DOANH YÊN BÌNH","Hà Nội","Miền Bắc",0.4241,"Trung bình",0
"KH-00140","2025-03-21",375,3,98910000,32970000.0,5,17390000.0,0,"CÔNG TY TNHH XÂY DỰNG","Hải Dương","Miền Bắc",0.3097,"Trung bình",0
"KH-00141","2025-02-22",402,1,108820000,108820000.0,3,0.0,0,"CÔNG TY CỔ PHẦN THƯƠNG MẠI TÂN TIẾN","Hải Phòng","Miền Bắc",0.4839,"Trung bình",0
"KH-00142","2025-03-31",365,4,66548500,16637125.0,5,39648500.0,0,"CÔNG TY TNHH THƯƠNG MẠI CHI THÀNH","Hà Nội","Miền Bắc",0.3324,"Trung bình",0
"KH-00143","2025-02-22",402,1,29700000,29700000.0,2,0.0,0,"DOANH NGHIỆP TW TÂY BẮC","Vĩnh Phúc","Miền Bắc",0.256,"Nguy cơ cao",1
"KH-00144","2025-02-22",402,1,22418078,22418078.0,4,0.0,0,"CỬA HÀNG XE ĐẠP QUANG VINH","Vĩnh Yên","Miền Bắc",0.2063,"Nguy cơ cao",1
"KH-00145","2025-02-22",402,1,22940000,22940000.0,4,0.0,0,"HỘ KINH DOANH PHÚ THỊNH","Quảng Ngãi","Miền Trung",0.2075,"Nguy cơ cao",1
"KH-00146","2025-02-22",402,1,18640000,18640000.0,4,0.0,0,"HỘ KINH DOANH LONG PHÚ","Điện Biên","Miền Bắc",0.1979,"Nguy cơ cao",1
"KH-00147","2026-03-31",0,19,884262666,46540140.0,6,123663268.8,1,"CÔNG TY TNHH PHÚ THỊNH","Hà Nội","Miền Bắc",0.8962,"Tích cực",0
"KH-00148","2025-03-27",369,4,82782643,20695661.0,4,39937357.0,0,"HỘ KINH DOANH THUỶ TIÊN","Hải Dươn","Miền Bắc",0.3578,"Trung bình",0
"KH-00149","2025-03-21",375,2,66287929,33143964.0,5,-5247929.0,0,"CỬA HÀNG XE ĐẠP TÚ ANH","Hải Dương","Miền Bắc",0.2723,"Nguy cơ cao",1
"KH-00150","2025-02-22",402,1,14582643,14582643.0,2,0.0,0,"HỘ KINH DOANH SÁN LẠP","Hải Dương","Miền Bắc",0.2183,"Nguy cơ cao",1
"KH-00151","2025-03-20",376,2,130261924,65130962.0,3,45661924.0,0,"CÔNG TY TNHH LÊ ANH","Hà Tĩnh","Miền Trung",0.3032,"Trung bình",0
"KH-00152","2025-03-31",365,3,89045116,29681705.0,3,11385116.0,0,"HỘ KINH DOANH TRÍ ĐỨC","Nghệ An","Miền Trung",0.3477,"Trung bình",0
"KH-00153","2025-02-22",402,1,33900000,33900000.0,3,0.0,0,"CÔNG TY CỔ PHẦN THƯƠNG MẠI PHÚ THỊNH","Hà Tĩnh","Miền Trung",0.25,"Nguy cơ cao",1
"KH-00154","2025-03-31",365,3,80000000,26666667.0,1,32720000.0,0,"DOANH NGHIỆP TW VĨNH PHÁT","Hà Tĩnh","Miền Trung",0.3495,"Trung bình",0
"KH-00155","2025-03-28",368,4,140009520,35002380.0,5,59885286.0,0,"DOANH NGHIỆP TW HÙNG CƯỜNG","Hà Nội","Miền Bắc",0.3161,"Trung bình",0
"KH-00156","2025-02-22",402,1,21250000,21250000.0,3,0.0,0,"DOANH NGHIỆP TW VIỆT ANH","Thanh Hoá","Miền Trung",0.2187,"Nguy cơ cao",1
"KH-00157","2026-03-31",0,124,453848157,3660066.0,6,65732221.7,1,"CÔNG TY TNHH THƯƠNG MẠI LONG PHÚ","Hà Nội","Miền Bắc",1.0,"Tích cực",0
"KH-00158","2025-02-25",399,1,23040000,23040000.0,2,0.0,0,"CÔNG TY TNHH THƯƠNG MẠI VIỆT ANH","Thái Bình","Miền Bắc",0.2374,"Nguy cơ cao",1
"KH-00159","2025-03-07",389,2,20750000,10375000.0,1,11527778.0,0,"CÔNG TY TNHH THƯƠNG MẠI THANH BÌNH","Thủ Dầu Một","Miền Bắc",0.2812,"Nguy cơ cao",1
"KH-00160","2025-02-26",398,1,2768519,2768519.0,1,0.0,0,"CÔNG TY TNHH THƯƠNG MẠI TRÍ ĐỨC","Hà Nội","Miền Bắc",0.2043,"Nguy cơ cao",1
"KH-00161","2025-03-27",369,3,182845338,60948446.0,5,140450908.0,0,"CÔNG TY TNHH THIÊN AN","Hà Nội","Miền Bắc",0.1822,"Nguy cơ cao",1
"KH-00162","2026-03-16",15,4,58132765,14533191.0,3,3585608.9,1,"CÔNG TY CỔ PHẦN THƯƠNG MẠI CHI THÀNH","Hà Nội","Miền Bắc",0.2255,"Nguy cơ cao",1
"KH-00163","2025-03-31",365,4,82695483,20673871.0,4,34663635.0,0,"HỘ KINH DOANH XUÂN MAI","Hà Nội","Miền Bắc",0.3638,"Trung bình",0
"KH-00164","2025-03-21",375,2,61750000,30875000.0,3,10250000.0,0,"HỘ KINH DOANH XÂY DỰNG","Thân Nhân Trung - TT Bích Động - Việt Yên - Bắc Giang","Miền Bắc",0.2816,"Nguy cơ cao",1
"KH-00165","2025-02-26",398,1,10890000,10890000.0,3,0.0,0,"CÔNG TY CỔ PHẦN THƯƠNG MẠI TRƯỜNG THỊNH","Bắc Giang","Miền Bắc",0.1935,"Nguy cơ cao",1
"KH-00166","2025-02-26",398,1,23312643,23312643.0,3,0.0,0,"HỘ KINH DOANH QUANG VINH","Tổ 1 - Phường Mường Thanh - TP Điện Biên Phủ","Miền Bắc",0.2217,"Nguy cơ cao",1
"KH-00167","2026-02-13",46,5,142484618,28496924.0,4,17937309.0,0,"CÔNG TY CỔ PHẦN THƯƠNG MẠI LÊ ANH","Hà Nội","Miền Bắc",0.282,"Nguy cơ cao",1
"KH-00168","2026-03-16",15,6,239090587,39848431.0,4,19750651.3,1,"DOANH NGHIỆP TW ĐẠI LỢI","Hà Nội","Miền Bắc",0.3285,"Trung bình",0
"KH-00169","2026-02-13",46,5,361208822,72241764.0,4,18141094.0,0,"CÔNG TY TNHH THƯƠNG MẠI VĨNH PHÁT","Ninh Bình","Miền Bắc",0.2802,"Nguy cơ cao",1
"KH-00170","2025-02-26",398,1,41700000,41700000.0,2,0.0,0,"CỬA HÀNG XE ĐẠP TRƯỜNG THỊNH","Ninh Bình","Miền Bắc",0.2865,"Nguy cơ cao",1
"KH-00171","2025-02-27",397,1,24259259,24259259.0,1,0.0,0,"CÔNG TY CỔ PHẦN QUANG VINH","Hà Nội","Miền Bắc",0.2562,"Nguy cơ cao",1
"KH-00172","2026-02-28",31,3,352444443,117481481.0,1,-27111111.0,0,"CỬA HÀNG XE ĐẠP XÂY DỰNG","Đường Trang Quan - Xã An Đồng - Huyện An Dương - Hải Phòng.","Miền Bắc",0.3778,"Trung bình",0
"KH-00173","2025-03-25",371,21,1582007777,75333704.0,5,0.0,0,"DOANH NGHIỆP TW PHÚ THỊNH","Hà Nội","Miền Bắc",0.9579,"Tích cực",0
"KH-00174","2025-03-06",390,1,23300000,23300000.0,1,0.0,0,"CÔNG TY CỔ PHẦN THƯƠNG MẠI LÊ ANH","Đà Nẵng","Miền Trung",0.25,"Nguy cơ cao",1
"KH-00175","2025-03-06",390,1,7490741,7490741.0,1,0.0,0,"CÔNG TY CỔ PHẦN THƯƠNG MẠI TÂN TIẾN","Hà Nội","Miền Bắc",0.2114,"Nguy cơ cao",1
"KH-00176","2025-03-07",389,1,1472222,1472222.0,1,0.0,0,"CÔNG TY TNHH THUỶ TIÊN","Hà Nội","Miền Bắc",0.1974,"Nguy cơ cao",1
"KH-00177","2025-03-10",386,1,7388889,7388889.0,1,0.0,0,"CÔNG TY CỔ PHẦN TRƯỜNG THỊNH","Hưng Yên","Miền Bắc",0.2093,"Nguy cơ cao",1
"KH-00178","2025-03-10",386,1,2212963,2212963.0,1,0.0,0,"CÔNG TY CỔ PHẦN QUANG VINH","Hà Nội","Miền Bắc",0.1977,"Nguy cơ cao",1
"KH-00179","2025-03-10",386,1,4240741,4240741.0,2,0.0,0,"CÔNG TY CỔ PHẦN TÂN TIẾN","Hà Nội","Miền Bắc",0.1881,"Nguy cơ cao",1
"KH-00180","2026-03-14",17,5,213111625,42622325.0,1,-11327945.3,1,"CÔNG TY TNHH THƯƠNG MẠI VẠN LỢI","Thanh Hoá","Miền Trung",0.3683,"Trung bình",0
"KH-00181","2026-03-10",21,4,431652757,107913189.0,3,-11437411.3,1,"CÔNG TY TNHH LONG PHÚ","Thừa Thiên Huế","Miền Trung",0.3098,"Trung bình",0
"KH-00182","2025-03-14",382,1,13140000,13140000.0,3,0.0,0,"CÔNG TY CỔ PHẦN PHÚ THỊNH","Sơn La","Miền Bắc",0.1915,"Nguy cơ cao",1
"KH-00183","2025-03-14",382,1,20000000,20000000.0,2,0.0,0,"DOANH NGHIỆP TW LONG PHÚ","Bắc Giang","Miền Bắc",0.2217,"Nguy cơ cao",1
"KH-00184","2025-03-31",365,2,24742962,12371481.0,5,0.0,0,"DOANH NGHIỆP TW ĐẠI LỢI","Hoà Bình","Miền Bắc",0.2206,"Nguy cơ cao",1
"KH-00185","2025-03-17",379,1,2546296,2546296.0,1,0.0,0,"CÔNG TY TNHH THƯƠNG MẠI VĨNH PHÁT","Tỉnh Hòa Bình.","Miền Bắc",0.1954,"Nguy cơ cao",1
"KH-00186","2025-03-31",365,4,67567129,16891782.0,1,0.0,0,"HỘ KINH DOANH XÂY DỰNG","Vĩnh Phúc","Miền Bắc",0.4861,"Trung bình",0
"KH-00187","2025-03-18",378,1,2768519,2768519.0,1,0.0,0,"HỘ KINH DOANH NGỌC ANH","Hà Nội","Miền Bắc",0.1954,"Nguy cơ cao",1
"KH-00188","2025-03-18",378,2,75574075,37787038.0,5,0.0,0,"DOANH NGHIỆP TW XÂY DỰNG","Thanh Hóa","Miền Trung",0.2761,"Nguy cơ cao",1
"KH-00189","2025-03-20",376,2,68267826,34133913.0,4,0.0,0,"CÔNG TY CỔ PHẦN MẶT TRỜI","Hà Nội","Miền Bắc",0.2855,"Nguy cơ cao",1
"KH-00190","2025-03-20",376,3,54567000,18189000.0,4,0.0,0,"HỘ KINH DOANH XÂY DỰNG","Hà Nội","Miền Bắc",0.3349,"Trung bình",0
"KH-00191","2025-03-19",377,1,2768519,2768519.0,1,0.0,0,"CÔNG TY CỔ PHẦN THƯƠNG MẠI XUÂN MAI","Hưng Yên","Miền Bắc",0.195,"Nguy cơ cao",1
"KH-00192","2025-03-31",365,3,47910000,15970000.0,4,0.0,0,"HỘ KINH DOANH KHẢI HOÀN","Hà Nội","Miền Bắc",0.3248,"Trung bình",0
"KH-00193","2025-03-31",365,4,244765884,61191471.0,4,0.0,0,"CÔNG TY TNHH TÚ ANH","Đường Nguyễn Trải - P Ba Đình TP Thanh Hoá","Miền Bắc",0.4556,"Trung bình",0
"KH-00194","2026-03-30",1,6,379667219,63277870.0,6,-1293019.0,1,"CỬA HÀNG XE ĐẠP SÁN LẠP","Hà Nội","Miền Bắc",0.2953,"Nguy cơ cao",1
"KH-00195","2025-03-25",371,2,38790000,19395000.0,4,0.0,0,"CỬA HÀNG XE ĐẠP BÌNH MINH","Hà Nội","Miền Bắc",0.2529,"Nguy cơ cao",1
"KH-00196","2025-03-27",369,3,51900000,17300000.0,2,0.0,0,"CÔNG TY CỔ PHẦN NAM TIẾN","Bắc Ninh","Miền Bắc",0.3701,"Trung bình",0
"KH-00197","2025-03-21",375,2,143952962,71976481.0,4,0.0,0,"CÔNG TY TNHH THƯƠNG MẠI MINH PHƯƠNG","Hà Nội","Miền Bắc",0.3705,"Trung bình",0
"KH-00198","2025-03-25",371,4,161705220,40426305.0,5,0.0,0,"CÔNG TY TNHH TRÍ ĐỨC","Hà Nội","Miền Bắc",0.4206,"Trung bình",0
"KH-00199","2025-03-24",372,2,64070000,32035000.0,3,0.0,0,"CỬA HÀNG XE ĐẠP TÚ ANH","Thanh Hoá","Miền Trung",0.2973,"Nguy cơ cao",1
"KH-00200","2025-03-27",369,2,56517000,28258500.0,3,0.0,0,"CÔNG TY CỔ PHẦN TOÀN THẮNG","Hà Nội","Miền Bắc",0.2875,"Nguy cơ cao",1
"KH-00201","2025-03-19",377,1,54234212,54234212.0,5,0.0,0,"HỘ KINH DOANH XUÂN MAI","Hải Dương","Miền Bắc",0.256,"Nguy cơ cao",1
"KH-00202","2025-03-21",375,2,57790000,28895000.0,3,0.0,0,"CÔNG TY CỔ PHẦN XUÂN MAI","Hà Nội","Miền Bắc",0.2923,"Nguy cơ cao",1
"KH-00203","2025-03-19",377,1,2305556,2305556.0,1,0.0,0,"CÔNG TY CỔ PHẦN THƯƠNG MẠI HOÀ BÌNH","Phú Thọ","Miền Bắc",0.194,"Nguy cơ cao",1
"KH-00204","2025-03-20",376,1,24907407,24907407.0,1,0.0,0,"CÔNG TY CỔ PHẦN ĐẠI DƯƠNG","Nam Định","Miền Bắc",0.247,"Nguy cơ cao",1
"KH-00205","2025-03-20",376,1,58740000,58740000.0,4,0.0,0,"CỬA HÀNG XE ĐẠP QUANG VINH","Hạ Long","Miền Bắc",0.2855,"Nguy cơ cao",1
"KH-00206","2025-03-20",376,2,30030000,15015000.0,2,0.0,0,"CÔNG TY TNHH THƯƠNG MẠI MẶT TRỜI","Hà Nội","Miền Bắc",0.282,"Nguy cơ cao",1
"KH-00207","2025-03-29",367,3,101357296,33785765.0,4,0.0,0,"CỬA HÀNG XE ĐẠP VẠN LỢI","Bắc Giang","Miền Bắc",0.3533,"Trung bình",0
"KH-00208","2025-03-25",371,5,121615286,24323057.0,4,0.0,0,"CỬA HÀNG XE ĐẠP TÂY BẮC","Hà Nội","Miền Bắc",0.5225,"Trung bình",0
"KH-00209","2025-03-28",368,2,52103683,26051842.0,4,0.0,0,"CÔNG TY TNHH THƯƠNG MẠI VIỆT ANH","TP Hải Phòng","Miền Bắc",0.2645,"Nguy cơ cao",1
"KH-00210","2026-03-05",26,2,140878797,70439398.0,4,77523329.0,1,"DOANH NGHIỆP TW SÁN LẠP","Uông Bí","Miền Bắc",0.1132,"Nguy cơ cao",1
"KH-00211","2025-03-20",376,1,31530000,31530000.0,2,0.0,0,"CỬA HÀNG XE ĐẠP NAM TIẾN","Hà Tĩnh","Miền Trung",0.2472,"Nguy cơ cao",1
"KH-00212","2025-03-22",374,4,99322643,24830661.0,5,0.0,0,"CỬA HÀNG XE ĐẠP TÂY BẮC","Hà Nội","Miền Bắc",0.41,"Trung bình",0
"KH-00213","2025-03-20",376,1,2305556,2305556.0,1,0.0,0,"CÔNG TY CỔ PHẦN HOÀ BÌNH","Hà Nội","Miền Bắc",0.1936,"Nguy cơ cao",1
"KH-00214","2025-03-25",371,2,81983500,40991750.0,3,0.0,0,"DOANH NGHIỆP TW QUANG VINH","Hải Dương","Miền Bắc",0.3164,"Trung bình",0
"KH-00215","2025-03-31",365,2,37160000,18580000.0,5,0.0,0,"DOANH NGHIỆP TW LÊ ANH","Hà Tĩnh","Miền Trung",0.2318,"Nguy cơ cao",1
"KH-00216","2025-03-20",376,1,61070000,61070000.0,3,0.0,0,"HỘ KINH DOANH NGỌC ANH","Hà Nam","Miền Bắc",0.311,"Trung bình",0
"KH-00217","2026-03-01",30,9,562011596,62445733.0,3,-4782399.6,1,"DOANH NGHIỆP TW ĐẠI DƯƠNG","Thái Bình","Miền Bắc",0.5573,"Trung bình",0
"KH-00218","2026-03-20",11,5,183270442,36654088.0,3,36462262.5,1,"CÔNG TY TNHH THƯƠNG MẠI BÌNH MINH","Hải Dương","Miền Bắc",0.2546,"Nguy cơ cao",1
"KH-00219","2026-03-27",4,10,499788138,49978814.0,6,46468676.4,1,"CÔNG TY CỔ PHẦN THƯƠNG MẠI PHÚ THỊNH","Ninh Bình","Miền Bắc",0.4965,"Trung bình",0
"KH-00220","2025-03-24",372,2,74017929,37008964.0,5,0.0,0,"CỬA HÀNG XE ĐẠP VIỆT ANH","Nam Định","Miền Bắc",0.2712,"Nguy cơ cao",1
"KH-00221","2025-03-27",369,2,59460000,29730000.0,2,0.0,0,"CÔNG TY CỔ PHẦN VĨNH PHÁT","Hưng Yên","Miền Bắc",0.3095,"Trung bình",0
"KH-00222","2025-03-31",365,2,42161481,21080740.0,4,0.0,0,"CÔNG TY CỔ PHẦN TÂN TIẾN","Hà Nội","Miền Bắc",0.2531,"Nguy cơ cao",1
"KH-00223","2025-03-21",375,1,33720000,33720000.0,3,0.0,0,"CÔNG TY CỔ PHẦN THƯƠNG MẠI AN PHÁT","Hà Nội","Miền Bắc",0.2358,"Nguy cơ cao",1
"KH-00224","2025-03-21",375,1,36150000,36150000.0,2,0.0,0,"DOANH NGHIỆP TW ĐÔNG NAM","Ninh Bình","Miền Bắc",0.2588,"Nguy cơ cao",1
"KH-00225","2025-03-28",368,2,84160000,42080000.0,3,0.0,0,"CÔNG TY TNHH TÂY BẮC","Hà Nam","Miền Bắc",0.317,"Trung bình",0
"KH-00226","2025-03-21",375,1,26040000,26040000.0,1,0.0,0,"CÔNG TY CỔ PHẦN VĨNH PHÁT","Hà Nội","Miền Bắc",0.2494,"Nguy cơ cao",1
"KH-00227","2025-03-21",375,1,40920000,40920000.0,2,0.0,0,"CÔNG TY TNHH THƯƠNG MẠI TRÍ ĐỨC","Bắc Ninh","Miền Bắc",0.2716,"Nguy cơ cao",1
"KH-00228","2025-03-21",375,1,18000000,18000000.0,2,0.0,0,"CÔNG TY CỔ PHẦN THƯƠNG MẠI XUÂN MAI","Hà Nội","Miền Bắc",0.2137,"Nguy cơ cao",1
"KH-00229","2025-03-21",375,1,33980000,33980000.0,2,0.0,0,"DOANH NGHIỆP TW TRÍ ĐỨC","Bắc Giang","Miền Bắc",0.2531,"Nguy cơ cao",1
"KH-00230","2025-03-21",375,1,20440000,20440000.0,2,0.0,0,"DOANH NGHIỆP TW ĐẠI LỢI","Hà Nội","Miền Bắc",0.2194,"Nguy cơ cao",1
"KH-00231","2025-03-27",369,3,107772500,35924167.0,5,0.0,0,"CÔNG TY CỔ PHẦN THANH BÌNH","Hưng Yên","Miền Bắc",0.3375,"Trung bình",0
"KH-00232","2026-03-06",25,2,26361112,13180556.0,1,-11638888.0,1,"HỘ KINH DOANH HOÀ BÌNH","Hội An","Miền Bắc",0.1481,"Nguy cơ cao",1
"KH-00233","2025-03-21",375,1,22840000,22840000.0,1,0.0,0,"DOANH NGHIỆP TW CHI THÀNH","Thái Bình","Miền Bắc",0.2412,"Nguy cơ cao",1
"KH-00234","2025-03-21",375,1,24220000,24220000.0,2,0.0,0,"CÔNG TY TNHH KHẢI HOÀN","Thái Bình","Miền Bắc",0.2285,"Nguy cơ cao",1
"KH-00235","2025-03-21",375,2,87420000,43710000.0,2,0.0,0,"CÔNG TY CỔ PHẦN THƯƠNG MẠI CHI THÀNH","Nam Định","Miền Bắc",0.3449,"Trung bình",0
"KH-00236","2025-03-22",374,2,35880000,17940000.0,1,0.0,0,"CỬA HÀNG XE ĐẠP ĐÔNG NAM","Hà Nội","Miền Bắc",0.3057,"Trung bình",0
"KH-00237","2025-03-22",374,2,59932962,29966481.0,5,0.0,0,"DOANH NGHIỆP TW LÊ ANH","Tuyên Quang","Miền Bắc",0.2581,"Nguy cơ cao",1
"KH-00238","2025-03-21",375,1,33546143,33546143.0,4,0.0,0,"CÔNG TY CỔ PHẦN THƯƠNG MẠI TRƯỜNG THỊNH","Phú Thọ","Miền Bắc",0.2196,"Nguy cơ cao",1
"KH-00239","2025-03-21",375,1,34357000,34357000.0,2,0.0,0,"HỘ KINH DOANH THANH BÌNH","Hội An","Miền Bắc",0.2541,"Nguy cơ cao",1
"KH-00240","2025-03-21",375,1,39050000,39050000.0,1,0.0,0,"CÔNG TY CỔ PHẦN TRÍ ĐỨC","Sơn La","Miền Bắc",0.2845,"Nguy cơ cao",1
"KH-00241","2025-03-25",371,2,88600000,44300000.0,1,0.0,0,"HỘ KINH DOANH PHÚ THỊNH","Thái Nguyên","Miền Bắc",0.3643,"Trung bình",0
"KH-00242","2025-03-25",371,2,36320000,18160000.0,3,0.0,0,"CÔNG TY CỔ PHẦN THƯƠNG MẠI HÙNG CƯỜNG","Bắc Kạn","Miền Bắc",0.2678,"Nguy cơ cao",1
"KH-00243","2025-03-21",375,1,35150000,35150000.0,3,0.0,0,"HỘ KINH DOANH VĨNH PHÁT","Hà Nam","Miền Bắc",0.2394,"Nguy cơ cao",1
"KH-00244","2025-03-21",375,1,33400000,33400000.0,3,0.0,0,"CÔNG TY CỔ PHẦN THƯƠNG MẠI AN PHÁT","Phú Thọ","Miền Bắc",0.235,"Nguy cơ cao",1
"KH-00245","2026-03-10",21,3,20111109,6703703.0,1,15870369.0,1,"CỬA HÀNG XE ĐẠP TÂN TIẾN","Hà Nội","Miền Bắc",0.1699,"Nguy cơ cao",1
"KH-00246","2025-03-25",371,2,38184000,19092000.0,4,0.0,0,"CỬA HÀNG XE ĐẠP TRƯỜNG THỊNH","Hà Nội","Miền Bắc",0.2523,"Nguy cơ cao",1
"KH-00247","2025-03-22",374,1,126890000,126890000.0,3,0.0,0,"HỘ KINH DOANH NGỌC ANH","Hưng Yên","Miền Bắc",0.5269,"Trung bình",0
"KH-00248","2025-03-28",368,2,100482859,50241430.0,4,0.0,0,"CÔNG TY CỔ PHẦN THƯƠNG MẠI ĐẠI DƯƠNG","Nghệ An","Miền Trung",0.3158,"Trung bình",0
"KH-00249","2025-03-22",374,1,37560000,37560000.0,2,0.0,0,"HỘ KINH DOANH PHÚC AN","Thanh Hóa","Miền Trung",0.262,"Nguy cơ cao",1
"KH-00250","2025-03-31",365,4,95971481,23992870.0,5,0.0,0,"DOANH NGHIỆP TW XUÂN MAI","Hà Nội","Miền Bắc",0.4034,"Trung bình",0
"KH-00251","2025-03-28",368,3,119020000,39673333.0,3,0.0,0,"HỘ KINH DOANH KHẢI HOÀN","Hưng Yên","Miền Bắc",0.3842,"Trung bình",0
"KH-00252","2025-03-22",374,1,59107574,59107574.0,4,0.0,0,"CÔNG TY TNHH TÂY BẮC","Hà Nội","Miền Bắc",0.2854,"Nguy cơ cao",1
"KH-00253","2025-03-24",372,1,7490741,7490741.0,1,0.0,0,"CÔNG TY TNHH YÊN BÌNH","Hà Nội","Miền Bắc",0.2032,"Nguy cơ cao",1
"KH-00254","2025-03-25",371,2,43942860,21971430.0,3,0.0,0,"CỬA HÀNG XE ĐẠP ĐÔNG NAM","Hà Nam","Miền Bắc",0.2756,"Nguy cơ cao",1
"KH-00255","2025-03-27",369,2,58060000,29030000.0,4,0.0,0,"CÔNG TY TNHH PHÚ THỊNH","Hải Dương","Miền Bắc",0.2711,"Nguy cơ cao",1
"KH-00256","2025-03-31",365,6,151660000,25276667.0,5,0.0,0,"CÔNG TY TNHH XUÂN MAI","Hà Nội","Miền Bắc",0.5877,"Trung bình",0
"KH-00257","2025-03-28",368,2,39541481,19770740.0,3,0.0,0,"HỘ KINH DOANH PHÚC AN","Hà Nội","Miền Bắc",0.2694,"Nguy cơ cao",1
"KH-00258","2025-03-28",368,2,39361481,19680740.0,3,0.0,0,"CỬA HÀNG XE ĐẠP HOÀ BÌNH","Hà Nội","Miền Bắc",0.2692,"Nguy cơ cao",1
"KH-00259","2025-03-24",372,1,35050000,35050000.0,4,0.0,0,"DOANH NGHIỆP TW MINH PHƯƠNG","Hà Nội","Miền Bắc",0.2217,"Nguy cơ cao",1
"KH-00260","2025-03-24",372,2,66020000,33010000.0,3,0.0,0,"CỬA HÀNG XE ĐẠP XUÂN MAI","Hà Nội","Miền Bắc",0.2994,"Nguy cơ cao",1
"KH-00261","2025-03-24",372,1,49160000,49160000.0,2,0.0,0,"CÔNG TY TNHH THƯƠNG MẠI VẠN LỢI","Hà Nội","Miền Bắc",0.293,"Nguy cơ cao",1
"KH-00262","2025-03-27",369,2,64270000,32135000.0,1,0.0,0,"CÔNG TY TNHH VIỆT ANH","Hà Nội","Miền Bắc",0.3346,"Trung bình",0
"KH-00263","2025-03-24",372,1,35790000,35790000.0,2,0.0,0,"DOANH NGHIỆP TW TRƯỜNG THỊNH","Thanh Hoá","Miền Trung",0.2562,"Nguy cơ cao",1
"KH-00264","2025-03-25",371,3,131871676,43957225.0,4,0.0,0,"DOANH NGHIỆP TW NGỌC ANH","Thanh Hoá","Miền Trung",0.3718,"Trung bình",0
"KH-00265","2025-03-25",371,2,115376430,57688215.0,4,0.0,0,"CÔNG TY TNHH THƯƠNG MẠI PHÚC AN","phố số 6 - Thị trấn Diêm Điền - Huyện Thái Thụy - Thái Bình.","Miền Bắc",0.3344,"Trung bình",0
"KH-00266","2025-03-24",372,1,83590000,83590000.0,2,0.0,0,"CỬA HÀNG XE ĐẠP TÂN TIẾN","Nam Định","Miền Bắc",0.3999,"Trung bình",0
"KH-00267","2025-03-25",371,2,85460000,42730000.0,2,0.0,0,"CÔNG TY CỔ PHẦN HÙNG CƯỜNG","Nam Định","Miền Bắc",0.3401,"Trung bình",0
"KH-00268","2025-03-25",371,1,58140000,58140000.0,2,0.0,0,"CÔNG TY CỔ PHẦN THƯƠNG MẠI TRƯỜNG THỊNH","Hà Nội","Miền Bắc",0.3187,"Trung bình",0
"KH-00269","2025-03-25",371,1,52678500,52678500.0,4,0.0,0,"HỘ KINH DOANH AN PHÁT","Phú Thọ","Miền Bắc",0.266,"Nguy cơ cao",1
"KH-00270","2025-03-25",371,1,57290000,57290000.0,2,0.0,0,"DOANH NGHIỆP TW TÚ ANH","Phú Thọ","Miền Bắc",0.3161,"Trung bình",0
"KH-00271","2025-03-25",371,1,20030000,20030000.0,3,0.0,0,"CÔNG TY CỔ PHẦN THƯƠNG MẠI HÙNG CƯỜNG","Hà Nội","Miền Bắc",0.2017,"Nguy cơ cao",1
"KH-00272","2025-03-31",365,2,43920000,21960000.0,2,0.0,0,"CÔNG TY TNHH THƯƠNG MẠI VĨNH PHÁT","Vĩnh Phúc","Miền Bắc",0.2904,"Nguy cơ cao",1
"KH-00273","2025-03-25",371,1,44730000,44730000.0,3,0.0,0,"CÔNG TY TNHH THƯƠNG MẠI PHÚ THỊNH","Vĩnh Phúc","Miền Bắc",0.2622,"Nguy cơ cao",1
"KH-00274","2025-03-25",371,1,18170000,18170000.0,2,0.0,0,"CÔNG TY CỔ PHẦN THƯƠNG MẠI YÊN BÌNH","Vĩnh Phúc","Miền Bắc",0.2122,"Nguy cơ cao",1
"KH-00275","2025-03-25",371,1,35890000,35890000.0,3,0.0,0,"CÔNG TY CỔ PHẦN THƯƠNG MẠI QUANG VINH","Thái Nguyên","Miền Bắc",0.2392,"Nguy cơ cao",1
"KH-00276","2025-03-31",365,2,68110000,34055000.0,2,0.0,0,"CÔNG TY TNHH VẠN LỢI","Hà Nội","Miền Bắc",0.3168,"Trung bình",0
"KH-00277","2025-03-25",371,2,232490000,116245000.0,2,0.0,0,"CÔNG TY CỔ PHẦN THƯƠNG MẠI VĨNH PHÁT","Vinh","Miền Bắc",0.5238,"Trung bình",0
"KH-00278","2025-03-25",371,1,47790000,47790000.0,1,0.0,0,"CÔNG TY TNHH QUANG VINH","Hà Nội","Miền Bắc",0.3073,"Trung bình",0
"KH-00279","2025-03-25",371,1,17170000,17170000.0,2,0.0,0,"CỬA HÀNG XE ĐẠP CHI THÀNH","Hà Nam","Miền Bắc",0.2099,"Nguy cơ cao",1
"KH-00280","2025-03-25",371,1,22480000,22480000.0,3,0.0,0,"CÔNG TY TNHH THƯƠNG MẠI MINH PHƯƠNG","Hà Nam","Miền Bắc",0.2072,"Nguy cơ cao",1
"KH-00281","2025-03-25",371,1,42075286,42075286.0,4,0.0,0,"CỬA HÀNG XE ĐẠP PHÚC AN","Thanh Hoá","Miền Trung",0.2384,"Nguy cơ cao",1
"KH-00282","2025-03-28",368,3,51690000,17230000.0,3,0.0,0,"CÔNG TY TNHH THƯƠNG MẠI LONG PHÚ","Hà Nội","Miền Bắc",0.3487,"Trung bình",0
"KH-00283","2025-03-27",369,2,54240000,27120000.0,1,0.0,0,"CỬA HÀNG XE ĐẠP TRƯỜNG THỊNH","Hưng Yên","Miền Bắc",0.3232,"Trung bình",0
"KH-00284","2026-03-31",0,5,95944982,19188996.0,3,1456105.0,1,"HỘ KINH DOANH NGỌC ANH","Hưng Yên","Miền Bắc",0.2989,"Nguy cơ cao",1
"KH-00285","2025-03-26",370,2,55041000,27520500.0,4,0.0,0,"CÔNG TY TNHH ĐÔNG NAM","Hà Nội","Miền Bắc",0.2685,"Nguy cơ cao",1
"KH-00286","2025-03-26",370,1,2398148,2398148.0,1,0.0,0,"DOANH NGHIỆP TW VIỆT ANH","Hà Nội","Miền Bắc",0.1912,"Nguy cơ cao",1
"KH-00287","2026-03-31",0,2,20111111,10055556.0,1,10888889.0,1,"CÔNG TY TNHH THƯƠNG MẠI THUỶ TIÊN","Vĩnh Phúc","Miền Bắc",0.1181,"Nguy cơ cao",1
"KH-00288","2026-03-16",15,6,193937924,32322987.0,3,26596005.0,1,"CÔNG TY TNHH THƯƠNG MẠI TOÀN THẮNG","Nghệ An","Miền Trung",0.3439,"Trung bình",0
"KH-00289","2025-03-29",367,3,64680000,21560000.0,3,0.0,0,"CÔNG TY CỔ PHẦN KHẢI HOÀN","Hưng Yên","Miền Bắc",0.3548,"Trung bình",0
"KH-00290","2025-03-26",370,1,14702643,14702643.0,3,0.0,0,"CÔNG TY CỔ PHẦN THƯƠNG MẠI TÂY BẮC","Hưng Yên","Miền Bắc",0.1897,"Nguy cơ cao",1
"KH-00291","2025-03-26",370,1,24000000,24000000.0,1,0.0,0,"CÔNG TY TNHH VĨNH PHÁT","Hà Nam","Miền Bắc",0.2416,"Nguy cơ cao",1
"KH-00292","2025-03-26",370,1,28127001,28127001.0,3,0.0,0,"CÔNG TY TNHH VIỆT ANH","Hà Nội","Miền Bắc",0.2198,"Nguy cơ cao",1
"KH-00293","2025-03-27",369,1,20277778,20277778.0,1,0.0,0,"CÔNG TY TNHH THƯƠNG MẠI TÚ ANH","Hà Nội","Miền Bắc",0.2318,"Nguy cơ cao",1
"KH-00294","2025-03-27",369,1,2305556,2305556.0,1,0.0,0,"HỘ KINH DOANH SÁN LẠP","Hải Phòng","Miền Bắc",0.1906,"Nguy cơ cao",1
"KH-00295","2025-03-27",369,1,34400000,34400000.0,1,0.0,0,"DOANH NGHIỆP TW XÂY DỰNG","Hà Nội","Miền Bắc",0.2683,"Nguy cơ cao",1
"KH-00296","2025-03-27",369,1,23580000,23580000.0,1,0.0,0,"CÔNG TY TNHH THƯƠNG MẠI HOÀ BÌNH","Hà Nội","Miền Bắc",0.24,"Nguy cơ cao",1
"KH-00297","2025-03-27",369,1,20650000,20650000.0,1,0.0,0,"CỬA HÀNG XE ĐẠP TÂY BẮC","Hà Nội","Miền Bắc",0.2327,"Nguy cơ cao",1
"KH-00298","2025-03-28",368,2,96307574,48153787.0,4,0.0,0,"CÔNG TY CỔ PHẦN THƯƠNG MẠI ĐÔNG NAM","Hà Nội","Miền Bắc",0.3111,"Trung bình",0
"KH-00299","2025-03-27",369,1,24430000,24430000.0,3,0.0,0,"CỬA HÀNG XE ĐẠP VIỆT ANH","Hà Tĩnh","Miền Trung",0.2107,"Nguy cơ cao",1
"KH-00300","2025-03-28",368,1,17490000,17490000.0,1,0.0,0,"CÔNG TY TNHH THƯƠNG MẠI QUANG VINH","","",0.2245,"Nguy cơ cao",1
"KH-00301","2025-03-28",368,1,64940000,64940000.0,1,0.0,0,"CÔNG TY TNHH THƯƠNG MẠI THUỶ TIÊN","Hải Phòng","Miền Bắc",0.3579,"Trung bình",0
"KH-00302","2025-03-28",368,1,36910000,36910000.0,4,0.0,0,"CÔNG TY TNHH XÂY DỰNG","Hà Giang","Miền Bắc",0.2243,"Nguy cơ cao",1
"KH-00303","2025-03-28",368,1,12980000,12980000.0,2,0.0,0,"CÔNG TY CỔ PHẦN BÌNH MINH","Hà Nội","Miền Bắc",0.1992,"Nguy cơ cao",1
"KH-00304","2025-03-28",368,1,17710000,17710000.0,1,0.0,0,"DOANH NGHIỆP TW TÚ ANH","Hà Nội","Miền Bắc",0.2251,"Nguy cơ cao",1
"KH-00305","2025-03-31",365,2,32170000,16085000.0,3,0.0,0,"CÔNG TY CỔ PHẦN TÂY BẮC","Hà Nội","Miền Bắc",0.2604,"Nguy cơ cao",1
"KH-00306","2025-03-28",368,1,16430000,16430000.0,1,0.0,0,"CÔNG TY TNHH HOÀ BÌNH","Vĩnh Phúc","Miền Bắc",0.222,"Nguy cơ cao",1
"KH-00307","2025-03-28",368,1,29517574,29517574.0,4,0.0,0,"DOANH NGHIỆP TW THIÊN AN","Quảng Ninh","Miền Bắc",0.207,"Nguy cơ cao",1
"KH-00308","2025-03-28",368,1,38840000,38840000.0,4,0.0,0,"CÔNG TY TNHH THIÊN AN","Cường Tráng - An Thịnh - Lương Tài - Bắc Ninh","Miền Bắc",0.2289,"Nguy cơ cao",1
"KH-00309","2025-03-28",368,1,21610000,21610000.0,3,0.0,0,"CÔNG TY CỔ PHẦN PHÚC AN","Hải Dương","Miền Bắc",0.2039,"Nguy cơ cao",1
"KH-00310","2025-03-28",368,1,34770000,34770000.0,2,0.0,0,"HỘ KINH DOANH VẠN LỢI","Quảng Ninh","Miền Bắc",0.2515,"Nguy cơ cao",1
"KH-00311","2025-03-28",368,1,39960000,39960000.0,2,0.0,0,"CÔNG TY TNHH THƯƠNG MẠI QUANG VINH","Quảng Ninh","Miền Bắc",0.2652,"Nguy cơ cao",1
"KH-00312","2025-03-28",368,1,46750000,46750000.0,2,0.0,0,"DOANH NGHIỆP TW HOÀ BÌNH","Quảng Ninh","Miền Bắc",0.2839,"Nguy cơ cao",1
"KH-00313","2025-03-28",368,1,18730000,18730000.0,1,0.0,0,"DOANH NGHIỆP TW BÌNH MINH","Hà Nội","Miền Bắc",0.2275,"Nguy cơ cao",1
"KH-00314","2025-03-28",368,1,70640000,70640000.0,2,0.0,0,"CÔNG TY TNHH THƯƠNG MẠI YÊN BÌNH","Hải Phòng","Miền Bắc",0.3554,"Trung bình",0
"KH-00315","2025-03-28",368,1,20889981,20889981.0,4,0.0,0,"CÔNG TY CỔ PHẦN THƯƠNG MẠI THUỶ TIÊN","Vĩnh Yên","Miền Bắc",0.1881,"Nguy cơ cao",1
"KH-00316","2025-03-28",368,1,42392500,42392500.0,3,0.0,0,"CÔNG TY CỔ PHẦN THƯƠNG MẠI THUỶ TIÊN","Hà Nội","Miền Bắc",0.2544,"Nguy cơ cao",1
"KH-00317","2025-03-28",368,1,17550000,17550000.0,2,0.0,0,"CỬA HÀNG XE ĐẠP THIÊN AN","Hà Nội","Miền Bắc",0.2094,"Nguy cơ cao",1
"KH-00318","2025-03-29",367,1,30680000,30680000.0,1,0.0,0,"HỘ KINH DOANH BÌNH MINH","Hòa Bình","Miền Bắc",0.2573,"Nguy cơ cao",1
"KH-00319","2025-03-29",367,1,27978500,27978500.0,4,0.0,0,"CỬA HÀNG XE ĐẠP QUANG VINH","TP Hưng Yên","Miền Bắc",0.2031,"Nguy cơ cao",1
"KH-00320","2025-03-31",365,1,18020000,18020000.0,2,0.0,0,"HỘ KINH DOANH PHÚC AN","Hà Nội","Miền Bắc",0.2091,"Nguy cơ cao",1
"KH-00321","2025-03-31",365,1,22250000,22250000.0,2,0.0,0,"CỬA HÀNG XE ĐẠP VIỆT ANH","Hải Phòng","Miền Bắc",0.2189,"Nguy cơ cao",1
"KH-00322","2025-03-31",365,1,16380000,16380000.0,2,0.0,0,"CÔNG TY TNHH THƯƠNG MẠI THANH BÌNH","Hải Phòng","Miền Bắc",0.2054,"Nguy cơ cao",1
"KH-00323","2025-03-31",365,1,10850000,10850000.0,1,0.0,0,"CÔNG TY CỔ PHẦN PHÚ THỊNH","Nghệ An","Miền Trung",0.2076,"Nguy cơ cao",1
"KH-00324","2025-03-31",365,1,34180000,34180000.0,3,0.0,0,"CÔNG TY CỔ PHẦN ĐÔNG NAM","Quảng Ninh","Miền Bắc",0.232,"Nguy cơ cao",1
"KH-00325","2025-03-31",365,1,59956468,59956468.0,1,0.0,0,"HỘ KINH DOANH THANH BÌNH","Hạ Long","Miền Bắc",0.3404,"Trung bình",0
"KH-00326","2025-03-31",365,1,13870000,13870000.0,3,0.0,0,"CỬA HÀNG XE ĐẠP VĨNH PHÁT","Quảng NinhSố","Miền Bắc",0.1858,"Nguy cơ cao",1
"KH-00327","2025-03-31",365,1,55970000,55970000.0,1,0.0,0,"CÔNG TY TNHH MẶT TRỜI","Vĩnh Phúc","Miền Bắc",0.3282,"Trung bình",0
"KH-00328","2025-03-31",365,1,37780000,37780000.0,3,0.0,0,"CÔNG TY CỔ PHẦN PHÚC AN","Vĩnh Phúc","Miền Bắc",0.241,"Nguy cơ cao",1
"KH-00329","2025-03-31",365,1,21666667,21666667.0,1,0.0,0,"HỘ KINH DOANH TRÍ ĐỨC","Hà Nội","Miền Bắc",0.2333,"Nguy cơ cao",1
"KH-00330","2025-03-31",365,1,61560000,61560000.0,4,0.0,0,"CÔNG TY TNHH THIÊN AN","Hà Giang","Miền Bắc",0.2872,"Nguy cơ cao",1
"KH-00331","2025-03-31",365,1,16960000,16960000.0,2,0.0,0,"HỘ KINH DOANH ĐẠI DƯƠNG","Hà Giang","Miền Bắc",0.2067,"Nguy cơ cao",1
"KH-00332","2025-03-31",365,1,24510000,24510000.0,1,0.0,0,"DOANH NGHIỆP TW TOÀN THẮNG","Hà Nội","Miền Bắc",0.2404,"Nguy cơ cao",1
"KH-00333","2025-03-31",365,1,22970000,22970000.0,2,0.0,0,"DOANH NGHIỆP TW ĐÔNG NAM","Thanh Hoá","Miền Trung",0.2206,"Nguy cơ cao",1
"KH-00334","2026-01-06",84,2,244805554,122402777.0,2,0.0,0,"HỘ KINH DOANH YÊN BÌNH","Hà Nội","Miền Bắc",0.3468,"Trung bình",0
"KH-00335","2026-01-06",84,1,3870371,3870371.0,1,0.0,0,"CÔNG TY CỔ PHẦN THUỶ TIÊN","Hà Nội","Miền Bắc",0.0988,"Nguy cơ cao",1
"KH-00336","2026-03-10",21,3,9333334,3111111.0,1,259258.0,1,"CÔNG TY CỔ PHẦN LONG PHÚ","Bắc Ninh","Miền Bắc",0.1824,"Nguy cơ cao",1
"KH-00337","2026-01-12",78,1,9157407,9157407.0,0,0.0,0,"DOANH NGHIỆP TW VĨNH PHÁT","Hà Nội","Miền Bắc",0.1126,"Nguy cơ cao",1
"KH-00338","2026-03-26",5,19,958524821,50448675.0,5,74255860.5,1,"CÔNG TY TNHH THƯƠNG MẠI ĐẠI LỢI","Hà Nội","Miền Bắc",0.9182,"Tích cực",0
"KH-00339","2026-03-29",2,8,139303029,17412879.0,3,15069490.5,1,"CỬA HÀNG XE ĐẠP ĐẠI LỢI","Hà Nội","Miền Bắc",0.5625,"Trung bình",0
"KH-00340","2026-01-26",64,3,74108412,24702804.0,2,0.0,0,"CÔNG TY TNHH THANH BÌNH","Hà Nội","Miền Bắc",0.2104,"Nguy cơ cao",1
"KH-00341","2026-02-13",46,5,1019915422,203983084.0,3,-170430062.0,0,"CỬA HÀNG XE ĐẠP VIỆT ANH","Ninh Bình","Miền Bắc",0.6135,"Tích cực",0
"KH-00342","2026-02-26",33,5,368069456,73613891.0,3,243886696.0,0,"HỘ KINH DOANH VĨNH PHÁT","Hà Nội","Miền Bắc",0.0764,"Nguy cơ cao",1
"KH-00343","2026-02-13",46,2,157208843,78604422.0,1,-49988877.0,0,"CÔNG TY CỔ PHẦN THƯƠNG MẠI THUỶ TIÊN","Thanh Hóa","Miền Trung",0.322,"Trung bình",0
"KH-00344","2026-03-07",24,3,193127741,64375914.0,1,91996645.0,1,"CÔNG TY TNHH PHÚC AN","Phú Thọ","Miền Bắc",0.1511,"Nguy cơ cao",1
"KH-00345","2026-03-05",26,2,40598882,20299441.0,1,10854442.0,1,"DOANH NGHIỆP TW PHÚ THỊNH","Phú Thọ","Miền Bắc",0.1379,"Nguy cơ cao",1
"KH-00346","2026-03-11",20,7,675625294,96517899.0,5,282415348.5,1,"DOANH NGHIỆP TW TRƯỜNG THỊNH","Phú Thọ","Miền Bắc",0.0605,"Nguy cơ cao",1
"KH-00347","2026-03-13",18,7,274366693,39195242.0,2,50100402.5,1,"CÔNG TY TNHH THƯƠNG MẠI VẠN LỢI","Vĩnh Phúc","Miền Bắc",0.397,"Trung bình",0
"KH-00348","2026-03-31",0,5,123226647,24645329.0,4,13808051.5,1,"CÔNG TY TNHH THƯƠNG MẠI YÊN BÌNH","Thanh Hóa","Miền Trung",0.2628,"Nguy cơ cao",1
"KH-00349","2026-03-30",1,10,516815059,51681506.0,5,17084160.0,1,"HỘ KINH DOANH TRƯỜNG THỊNH","Hà Nội","Miền Bắc",0.5612,"Trung bình",0
"KH-00350","2026-03-19",12,4,240755876,60188969.0,4,-45723693.0,1,"CÔNG TY TNHH BÌNH MINH","Hà Nội","Miền Bắc",0.3035,"Trung bình",0
"KH-00351","2026-03-21",10,3,66600633,22200211.0,2,-12210457.0,1,"CÔNG TY TNHH AN PHÁT","Bắc Ninh","Miền Bắc",0.1975,"Nguy cơ cao",1
"KH-00352","2026-03-12",19,2,128188123,64094062.0,1,-47827025.0,1,"CỬA HÀNG XE ĐẠP LONG PHÚ","Quảng Ninh","Miền Bắc",0.2721,"Nguy cơ cao",1
"KH-00353","2026-03-27",4,7,173454595,24779228.0,3,-5323979.5,1,"CỬA HÀNG XE ĐẠP THANH BÌNH","Hà Nội","Miền Bắc",0.4876,"Trung bình",0
"KH-00354","2026-03-21",10,3,132500809,44166936.0,4,-22161935.0,1,"CÔNG TY TNHH THƯƠNG MẠI NAM TIẾN","Thái Nguyên","Miền Bắc",0.204,"Nguy cơ cao",1
"KH-00355","2026-02-05",54,3,67620537,22540179.0,2,-28657207.0,0,"DOANH NGHIỆP TW PHÚC AN","Thanh Hóa","Miền Trung",0.2384,"Nguy cơ cao",1
"KH-00356","2026-03-31",0,4,331072245,82768061.0,4,138190629.0,1,"CÔNG TY TNHH THƯƠNG MẠI QUANG VINH","Thanh Hóa","Miền Trung",0.1096,"Nguy cơ cao",1
"KH-00357","2026-03-18",13,4,152332645,38083161.0,4,-2899118.0,1,"CÔNG TY TNHH THƯƠNG MẠI THANH BÌNH","Sầm Sơn","Miền Bắc",0.2305,"Nguy cơ cao",1
"KH-00358","2026-03-25",6,3,67151465,22383822.0,2,-6473422.5,1,"CÔNG TY TNHH SƠN HÀ","Thanh Hóa","Miền Trung",0.1896,"Nguy cơ cao",1
"KH-00359","2026-03-27",4,16,816839516,51052470.0,5,134150054.0,1,"CÔNG TY CỔ PHẦN VẠN LỢI","Hà Nội","Miền Bắc",0.7537,"Tích cực",0
"KH-00360","2026-03-18",13,5,268681974,53736395.0,4,-113576426.0,1,"CÔNG TY TNHH THƯƠNG MẠI LONG PHÚ","Thanh Hóa","Miền Trung",0.476,"Trung bình",0
"KH-00361","2026-02-03",56,2,8055557,4027778.0,1,-1018519.0,0,"CÔNG TY CỔ PHẦN THƯƠNG MẠI TÂY BẮC","Hà Nội","Miền Bắc",0.1378,"Nguy cơ cao",1
"KH-00362","2026-01-14",76,1,2027778,2027778.0,1,0.0,0,"HỘ KINH DOANH MẶT TRỜI","Hà Nội","Miền Bắc",0.0946,"Nguy cơ cao",1
"KH-00363","2026-03-29",2,7,441794429,63113490.0,5,223499855.0,1,"HỘ KINH DOANH ĐẠI LỢI","Hải Phòng","Miền Bắc",0.1058,"Nguy cơ cao",1
"KH-00364","2026-03-29",2,8,586736727,73342091.0,4,40070266.5,1,"DOANH NGHIỆP TW XUÂN MAI","TP Hải Phòng","Miền Bắc",0.3515,"Trung bình",0
"KH-00365","2026-03-31",0,6,116741636,19456939.0,5,20806018.5,1,"CÔNG TY CỔ PHẦN THƯƠNG MẠI TRÍ ĐỨC","Hà Nội","Miền Bắc",0.3146,"Trung bình",0
"KH-00366","2026-03-27",4,12,1183069840,98589153.0,4,119148398.0,1,"HỘ KINH DOANH THIÊN AN","Nghệ An","Miền Trung",0.273,"Nguy cơ cao",1
"KH-00367","2026-01-16",74,1,68896093,68896093.0,2,0.0,0,"CÔNG TY CỔ PHẦN ĐÔNG NAM","Thanh Hóa","Miền Trung",0.193,"Nguy cơ cao",1
"KH-00368","2026-03-31",0,10,666720314,66672031.0,5,558718676.0,1,"HỘ KINH DOANH HOÀ BÌNH","Hà Nội","Miền Bắc",0.0205,"Nguy cơ cao",1
"KH-00369","2026-03-31",0,6,146495417,24415903.0,5,6938565.5,1,"CÔNG TY TNHH VẠN LỢI","Hà Nội","Miền Bắc",0.3321,"Trung bình",0
"KH-00370","2026-03-14",17,2,76521651,38260826.0,4,20110551.0,1,"CÔNG TY CỔ PHẦN THƯƠNG MẠI PHÚ THỊNH","Bắc Ninh","Miền Bắc",0.1184,"Nguy cơ cao",1
"KH-00371","2026-02-09",50,3,63901840,21300613.0,2,-23396292.0,0,"CÔNG TY TNHH THƯƠNG MẠI LONG PHÚ","Bắc Ninh","Miền Bắc",0.2282,"Nguy cơ cao",1
"KH-00372","2026-03-25",6,8,861063148,107632894.0,1,17459732.0,1,"CÔNG TY CỔ PHẦN THƯƠNG MẠI MẶT TRỜI","Thanh Hóa","Miền Trung",0.3689,"Trung bình",0
"KH-00373","2026-03-25",6,6,221831417,36971903.0,2,127609229.0,1,"DOANH NGHIỆP TW THIÊN AN","Hưng Yên","Miền Bắc",0.2116,"Nguy cơ cao",1
"KH-00374","2026-03-06",25,6,362031448,60338575.0,5,-20046760.5,1,"CÔNG TY CỔ PHẦN XÂY DỰNG","Hưng Yên","Miền Bắc",0.3613,"Trung bình",0
"KH-00375","2026-01-16",74,1,10716664,10716664.0,1,0.0,0,"CÔNG TY TNHH ĐẠI DƯƠNG","Hà Nội","Miền Bắc",0.1049,"Nguy cơ cao",1
"KH-00376","2026-02-13",46,2,38117024,19058512.0,3,3369628.0,0,"CÔNG TY TNHH THƯƠNG MẠI AN PHÁT","Hà Nội","Miền Bắc",0.1282,"Nguy cơ cao",1
"KH-00377","2026-03-31",0,11,418438053,38039823.0,5,44719902.5,1,"DOANH NGHIỆP TW PHÚ THỊNH","Hà Nội","Miền Bắc",0.6489,"Tích cực",0
"KH-00378","2026-03-30",1,6,87374251,14562375.0,2,18266485.0,1,"CỬA HÀNG XE ĐẠP VĨNH PHÁT","Hà Nội","Miền Bắc",0.3845,"Trung bình",0
"KH-00379","2026-03-10",21,6,865554182,144259030.0,3,-254710578.5,1,"CÔNG TY TNHH MINH PHƯƠNG","Thái Nguyên","Miền Bắc",0.7225,"Tích cực",0
"KH-00380","2026-03-25",6,8,276169640,34521205.0,4,36401748.0,1,"DOANH NGHIỆP TW HÙNG CƯỜNG","Ninh Bình","Miền Bắc",0.4597,"Trung bình",0
"KH-00381","2026-03-27",4,5,87558680,17511736.0,3,-8212035.0,1,"DOANH NGHIỆP TW TÚ ANH","Ninh Bình","Miền Bắc",0.3159,"Trung bình",0
"KH-00382","2026-03-27",4,6,175731626,29288604.0,1,-23987219.0,1,"CÔNG TY TNHH LÊ ANH","Ninh Bình","Miền Bắc",0.4685,"Trung bình",0
"KH-00383","2026-03-25",6,8,325347710,40668464.0,1,40504999.5,1,"HỘ KINH DOANH VẠN LỢI","Ninh Bình","Miền Bắc",0.5034,"Trung bình",0
"KH-00384","2026-03-18",13,4,142479975,35619994.0,2,25654722.5,1,"CỬA HÀNG XE ĐẠP PHÚC AN","TP Hải Phòng","Miền Bắc",0.2251,"Nguy cơ cao",1
"KH-00385","2026-03-25",6,13,773307055,59485158.0,5,236511903.5,1,"CÔNG TY CỔ PHẦN THƯƠNG MẠI THIÊN AN","Hải Dương","Miền Bắc",0.3358,"Trung bình",0
"KH-00386","2026-03-31",0,12,848162219,70680185.0,5,215716903.0,1,"CÔNG TY TNHH THƯƠNG MẠI KHẢI HOÀN","Hà Nam","Miền Bắc",0.2538,"Nguy cơ cao",1
"KH-00387","2026-03-31",0,5,438054782,87610956.0,4,-29912632.0,1,"CÔNG TY CỔ PHẦN THANH BÌNH","Bắc Ninh","Miền Bắc",0.3248,"Trung bình",0
"KH-00388","2026-01-19",71,1,2768519,2768519.0,1,0.0,0,"CÔNG TY CỔ PHẦN MẶT TRỜI","Hà Nội","Miền Bắc",0.0943,"Nguy cơ cao",1
"KH-00389","2026-03-11",20,3,89540622,29846874.0,4,4859072.0,1,"CÔNG TY CỔ PHẦN TRƯỜNG THỊNH","Thanh Hoá","Miền Trung",0.1648,"Nguy cơ cao",1
"KH-00390","2026-03-25",6,4,176036627,44009157.0,3,1828706.0,1,"HỘ KINH DOANH ĐẠI LỢI","Hà Nội","Miền Bắc",0.2408,"Nguy cơ cao",1
"KH-00391","2026-03-25",6,2,47122674,23561337.0,3,-8807684.0,1,"CÔNG TY TNHH THƯƠNG MẠI NAM TIẾN","Hà Tĩnh","Miền Trung",0.1307,"Nguy cơ cao",1
"KH-00392","2026-03-25",6,3,96163865,32054622.0,2,6338890.5,1,"HỘ KINH DOANH SƠN HÀ","Hà Tĩnh","Miền Trung",0.1858,"Nguy cơ cao",1
"KH-00393","2026-03-31",0,3,158676076,52892025.0,2,-43527196.0,1,"CÔNG TY TNHH THƯƠNG MẠI SƠN HÀ","Thanh Hóa","Miền Trung",0.2693,"Nguy cơ cao",1
"KH-00394","2026-01-19",71,1,71822204,71822204.0,1,0.0,0,"CÔNG TY TNHH THƯƠNG MẠI NAM TIẾN","Thanh Hóa","Miền Trung",0.2127,"Nguy cơ cao",1
"KH-00395","2026-03-21",10,4,134621259,33655315.0,3,8879348.5,1,"HỘ KINH DOANH TÂY BẮC","Bắc Ninh","Miền Bắc",0.2276,"Nguy cơ cao",1
"KH-00396","2026-02-13",46,2,119042822,59521411.0,3,-67326194.0,0,"CÔNG TY CỔ PHẦN VIỆT ANH","Bắc Ninh","Miền Bắc",0.2693,"Nguy cơ cao",1
"KH-00397","2026-03-25",6,8,220965386,27620673.0,5,55012439.0,1,"CÔNG TY CỔ PHẦN THUỶ TIÊN","Lào Cai","Miền Bắc",0.4232,"Trung bình",0
"KH-00398","2026-01-20",70,1,35105550,35105550.0,1,0.0,0,"CÔNG TY TNHH PHÚC AN","TP Đà Nẵng","Miền Bắc",0.1396,"Nguy cơ cao",1
"KH-00399","2026-01-20",70,1,4611112,4611112.0,1,0.0,0,"CÔNG TY TNHH ĐẠI LỢI","Hà Nội","Miền Bắc",0.0963,"Nguy cơ cao",1
"KH-00400","2026-01-21",69,1,4527778,4527778.0,0,0.0,0,"CÔNG TY TNHH XÂY DỰNG","Đồng Nai","Miền Nam",0.104,"Nguy cơ cao",1
"KH-00401","2026-03-20",11,2,37685084,18842542.0,4,-6604720.0,1,"HỘ KINH DOANH THUỶ TIÊN","Hà Nội","Miền Bắc",0.1156,"Nguy cơ cao",1
"KH-00402","2026-03-13",18,10,578958601,57895860.0,4,7852219.0,1,"CÔNG TY CỔ PHẦN ĐẠI LỢI","Hà Nội","Miền Bắc",0.5839,"Trung bình",0
"KH-00403","2026-03-31",0,4,192613940,48153485.0,2,8049207.0,1,"CÔNG TY CỔ PHẦN THƯƠNG MẠI LONG PHÚ","Thanh Hóa","Miền Trung",0.2487,"Nguy cơ cao",1
"KH-00404","2026-03-31",0,10,562369951,56236995.0,4,145027499.5,1,"HỘ KINH DOANH PHÚ THỊNH","Thanh Hóa","Miền Trung",0.3417,"Trung bình",0
"KH-00405","2026-03-31",0,4,293579367,73394842.0,3,93081637.0,1,"CÔNG TY CỔ PHẦN THƯƠNG MẠI QUANG VINH","Thanh Hóa","Miền Trung",0.1524,"Nguy cơ cao",1
"KH-00406","2026-01-22",68,1,82642778,82642778.0,2,0.0,0,"CÔNG TY CỔ PHẦN THƯƠNG MẠI LONG PHÚ","Hưng Yên","Miền Bắc",0.2214,"Nguy cơ cao",1
"KH-00407","2026-03-11",20,4,114760435,28690109.0,4,-18743465.0,1,"DOANH NGHIỆP TW LONG PHÚ","Đà Nẵng","Miền Trung",0.2489,"Nguy cơ cao",1
"KH-00408","2026-03-27",4,8,392356416,49044552.0,4,111804983.5,1,"CÔNG TY CỔ PHẦN MINH PHƯƠNG","Thanh Hóa","Miền Trung",0.2979,"Nguy cơ cao",1
"KH-00409","2026-03-02",29,2,65049436,32524718.0,3,28782776.0,1,"CÔNG TY CỔ PHẦN THƯƠNG MẠI BÌNH MINH","Thanh Hoá","Miền Trung",0.1186,"Nguy cơ cao",1
"KH-00410","2026-03-21",10,3,168819409,56273136.0,2,-117158309.0,1,"CỬA HÀNG XE ĐẠP NAM TIẾN","Nghệ An","Miền Trung",0.3954,"Trung bình",0
"KH-00411","2026-01-22",68,1,2361111,2361111.0,1,0.0,0,"CỬA HÀNG XE ĐẠP MẶT TRỜI","Hà Nội","Miền Bắc",0.0932,"Nguy cơ cao",1
"KH-00412","2026-01-23",67,1,6805556,6805556.0,1,0.0,0,"CÔNG TY TNHH TRÍ ĐỨC","Hưng Yên","Miền Bắc",0.0982,"Nguy cơ cao",1
"KH-00413","2026-01-23",67,1,29907408,29907408.0,1,0.0,0,"CÔNG TY CỔ PHẦN CHI THÀNH","TP Hải Phòng","Miền Bắc",0.1303,"Nguy cơ cao",1
"KH-00414","2026-03-27",4,10,328657864,32865786.0,3,17312259.0,1,"HỘ KINH DOANH ĐẠI LỢI","Hà Nội","Miền Bắc",0.6824,"Tích cực",0
"KH-00415","2026-03-01",30,6,486442458,81073743.0,4,-15142687.5,1,"DOANH NGHIỆP TW KHẢI HOÀN","Thanh Hóa","Miền Trung",0.3596,"Trung bình",0
"KH-00416","2026-01-23",67,1,32353328,32353328.0,1,0.0,0,"DOANH NGHIỆP TW HOÀ BÌNH","Quảng Ninh","Miền Bắc",0.1342,"Nguy cơ cao",1
"KH-00417","2026-03-11",20,3,114512568,38170856.0,3,4563796.0,1,"CÔNG TY CỔ PHẦN THƯƠNG MẠI VIỆT ANH","Quảng Ninh","Miền Bắc",0.1863,"Nguy cơ cao",1
"KH-00418","2026-01-23",67,1,7361112,7361112.0,1,0.0,0,"CÔNG TY CỔ PHẦN PHÚ THỊNH","Hà Nội","Miền Bắc",0.0989,"Nguy cơ cao",1
"KH-00419","2026-03-13",18,4,225759574,56439894.0,4,-9609626.5,1,"DOANH NGHIỆP TW ĐẠI DƯƠNG","Hà Nội","Miền Bắc",0.253,"Nguy cơ cao",1
"KH-00420","2026-03-19",12,7,226221063,32317295.0,4,14507304.5,1,"CÔNG TY CỔ PHẦN QUANG VINH","Đà Nẵng","Miền Trung",0.4226,"Trung bình",0
"KH-00421","2026-01-23",67,1,75644986,75644986.0,3,0.0,0,"DOANH NGHIỆP TW YÊN BÌNH","Hòa Bình","Miền Bắc",0.1905,"Nguy cơ cao",1
"KH-00422","2026-01-23",67,1,15861474,15861474.0,1,0.0,0,"CÔNG TY CỔ PHẦN THƯƠNG MẠI SƠN HÀ","Hà Nội","Miền Bắc",0.1099,"Nguy cơ cao",1
"KH-00423","2026-03-14",17,7,328373058,46910437.0,3,-16090279.5,1,"DOANH NGHIỆP TW THIÊN AN","Bắc Giang","Miền Bắc",0.4761,"Trung bình",0
"KH-00424","2026-03-20",11,3,102753316,34251105.0,2,-16172775.5,1,"CÔNG TY TNHH TRÍ ĐỨC","Hà Nội","Miền Bắc",0.216,"Nguy cơ cao",1
"KH-00425","2026-02-05",54,2,121008860,60504430.0,4,-35423330.0,0,"CỬA HÀNG XE ĐẠP MINH PHƯƠNG","Thanh Hóa","Miền Trung",0.2172,"Nguy cơ cao",1
"KH-00426","2026-03-27",4,8,485650652,60706332.0,2,113787195.0,1,"CÔNG TY CỔ PHẦN THƯƠNG MẠI THIÊN AN","Thái Nguyên","Miền Bắc",0.3066,"Trung bình",0
"KH-00427","2026-01-24",66,1,110648148,110648148.0,1,0.0,0,"CÔNG TY CỔ PHẦN THƯƠNG MẠI TÚ ANH","Hà Nội","Miền Bắc",0.3129,"Trung bình",0
"KH-00428","2026-03-14",17,3,221059659,73686553.0,4,-26953324.5,1,"CỬA HÀNG XE ĐẠP NAM TIẾN","Quảng Ninh","Miền Bắc",0.2485,"Nguy cơ cao",1
"KH-00429","2026-03-05",26,2,79837382,39918691.0,4,2512598.0,1,"CỬA HÀNG XE ĐẠP XUÂN MAI","Quảng Ninh","Miền Bắc",0.1369,"Nguy cơ cao",1
"KH-00430","2026-03-20",11,4,107154425,26788606.0,3,18261109.0,1,"CÔNG TY CỔ PHẦN BÌNH MINH","Hà Nội","Miền Bắc",0.2127,"Nguy cơ cao",1
"KH-00431","2026-03-07",24,2,48547582,24273791.0,2,12773148.0,1,"CÔNG TY CỔ PHẦN THƯƠNG MẠI KHẢI HOÀN","Hà Nội","Miền Bắc",0.13,"Nguy cơ cao",1
"KH-00432","2026-03-25",6,3,91132845,30377615.0,3,-4944487.0,1,"CÔNG TY TNHH THƯƠNG MẠI THUỶ TIÊN","Hà Nội","Miền Bắc",0.1826,"Nguy cơ cao",1
"KH-00433","2026-03-25",6,3,75543041,25181014.0,1,-23051379.0,1,"CÔNG TY CỔ PHẦN THƯƠNG MẠI TRƯỜNG THỊNH","Hà Nội","Miền Bắc",0.2269,"Nguy cơ cao",1
"KH-00434","2026-03-27",4,5,141619215,28323843.0,3,27821378.0,1,"HỘ KINH DOANH TRƯỜNG THỊNH","Hà Nội","Miền Bắc",0.263,"Nguy cơ cao",1
"KH-00435","2026-03-27",4,7,140585893,20083699.0,5,29274530.5,1,"DOANH NGHIỆP TW NGỌC ANH","Hà Nội","Miền Bắc",0.3915,"Trung bình",0
"KH-00436","2026-03-31",0,4,122080615,30520154.0,2,-9641476.0,1,"CÔNG TY TNHH XÂY DỰNG","Hưng Yên","Miền Bắc",0.2614,"Nguy cơ cao",1
"KH-00437","2026-03-27",4,5,73914149,14782830.0,2,8890692.0,1,"DOANH NGHIỆP TW HÙNG CƯỜNG","Hưng Yên","Miền Bắc",0.3092,"Trung bình",0
"KH-00438","2026-02-05",54,2,59563322,29781661.0,2,-28952222.0,0,"CỬA HÀNG XE ĐẠP ĐẠI LỢI","Hưng Yên","Miền Bắc",0.1877,"Nguy cơ cao",1
"KH-00439","2026-03-31",0,3,78843874,26281291.0,3,4435002.0,1,"DOANH NGHIỆP TW THUỶ TIÊN","Nghệ An","Miền Trung",0.1666,"Nguy cơ cao",1
"KH-00440","2026-03-25",6,5,70736369,14147274.0,3,15270551.0,1,"CÔNG TY TNHH THƯƠNG MẠI ĐÔNG NAM","Hà Nội","Miền Bắc",0.2822,"Nguy cơ cao",1
"KH-00441","2026-03-30",1,5,166750707,33350141.0,2,-10686191.5,1,"CỬA HÀNG XE ĐẠP NGỌC ANH","Hà Tĩnh","Miền Trung",0.3371,"Trung bình",0
"KH-00442","2026-03-21",10,4,68451098,17112774.0,1,-33439990.0,1,"CÔNG TY TNHH HOÀ BÌNH","Phú Thọ","Miền Bắc",0.3108,"Trung bình",0
"KH-00443","2026-01-24",66,1,23242219,23242219.0,1,0.0,0,"CÔNG TY TNHH HÙNG CƯỜNG","Hà Nội","Miền Bắc",0.1199,"Nguy cơ cao",1
"KH-00444","2026-03-27",4,5,201254950,40250990.0,4,9331663.0,1,"CÔNG TY TNHH THƯƠNG MẠI SÁN LẠP","Hà Nội","Miền Bắc",0.2707,"Nguy cơ cao",1
"KH-00445","2026-03-25",6,3,71900542,23966847.0,2,30033882.0,1,"CÔNG TY CỔ PHẦN TÂN TIẾN","Quảng Ngãi","Miền Trung",0.1544,"Nguy cơ cao",1
"KH-00446","2026-03-19",12,4,97993655,24498414.0,2,52858863.0,1,"CÔNG TY TNHH THƯƠNG MẠI MINH PHƯƠNG","Quảng Trị","Miền Trung",0.1871,"Nguy cơ cao",1
"KH-00447","2026-03-20",11,6,172513570,28752262.0,4,21912540.0,1,"CÔNG TY TNHH THƯƠNG MẠI KHẢI HOÀN","Hà Nội","Miền Bắc",0.3317,"Trung bình",0
"KH-00448","2026-03-25",6,2,35042214,17521107.0,2,3500006.0,1,"CÔNG TY TNHH THUỶ TIÊN","Hà Nội","Miền Bắc",0.1241,"Nguy cơ cao",1
"KH-00449","2026-03-14",17,2,35022770,17511385.0,2,1717226.0,1,"CÔNG TY CỔ PHẦN THUỶ TIÊN","Phú Thọ","Miền Bắc",0.1288,"Nguy cơ cao",1
"KH-00450","2026-03-09",22,3,80895712,26965237.0,4,9526480.0,1,"HỘ KINH DOANH QUANG VINH","Thanh Hoá","Miền Trung",0.1584,"Nguy cơ cao",1
"KH-00451","2026-03-13",18,3,76015909,25338636.0,3,19655179.0,1,"CÔNG TY CỔ PHẦN THƯƠNG MẠI TRƯỜNG THỊNH","Phú Thọ","Miền Bắc",0.1578,"Nguy cơ cao",1
"KH-00452","2026-02-09",50,2,81243320,40621660.0,2,-20021120.0,0,"CÔNG TY CỔ PHẦN THƯƠNG MẠI BÌNH MINH","Thanh Hóa","Miền Trung",0.1934,"Nguy cơ cao",1
"KH-00453","2026-03-31",0,10,484731756,48473176.0,2,77274244.5,1,"CÔNG TY TNHH YÊN BÌNH","Ninh Bình","Miền Bắc",0.5355,"Trung bình",0
"KH-00454","2026-01-24",66,1,42573326,42573326.0,2,0.0,0,"HỘ KINH DOANH LONG PHÚ","Phú Thọ","Miền Bắc",0.1399,"Nguy cơ cao",1
"KH-00455","2026-03-21",10,3,124538310,41512770.0,2,-39968324.0,1,"CÔNG TY TNHH THƯƠNG MẠI ĐẠI LỢI","Hà Tĩnh","Miền Trung",0.2548,"Nguy cơ cao",1
"KH-00456","2026-01-24",66,1,63827764,63827764.0,2,0.0,0,"CÔNG TY TNHH THƯƠNG MẠI AN PHÁT","Hà Tĩnh","Miền Trung",0.1791,"Nguy cơ cao",1
"KH-00457","2026-03-17",14,3,176452921,58817640.0,3,37988608.5,1,"CÔNG TY TNHH THƯƠNG MẠI VIỆT ANH","Thanh Hóa","Miền Trung",0.1697,"Nguy cơ cao",1
"KH-00458","2026-03-29",2,6,263482054,43913676.0,4,-17982779.0,1,"HỘ KINH DOANH VẠN LỢI","Hà Tĩnh","Miền Trung",0.3781,"Trung bình",0
"KH-00459","2026-03-11",20,6,138483758,23080626.0,3,36323780.0,1,"CÔNG TY CỔ PHẦN TOÀN THẮNG","Hà Nội","Miền Bắc",0.3391,"Trung bình",0
"KH-00460","2026-01-26",64,1,16361110,16361110.0,0,0.0,0,"DOANH NGHIỆP TW THUỶ TIÊN","Phú Thọ","Miền Bắc",0.1188,"Nguy cơ cao",1
"KH-00461","2026-02-06",53,2,90740740,45370370.0,1,45370370.0,0,"CÔNG TY TNHH THUỶ TIÊN","Hải Dương","Miền Bắc",0.1487,"Nguy cơ cao",1
"KH-00462","2026-01-29",61,2,4981482,2490741.0,1,0.0,0,"HỘ KINH DOANH TRƯỜNG THỊNH","Hưng Yên","Miền Bắc",0.1367,"Nguy cơ cao",1
"KH-00463","2026-03-29",2,13,723440702,55649285.0,3,46038744.5,1,"CÔNG TY TNHH THƯƠNG MẠI YÊN BÌNH","Hà Nội","Miền Bắc",0.7205,"Tích cực",0
"KH-00464","2026-03-11",20,2,60051464,30025732.0,5,8456292.0,1,"CÔNG TY TNHH THƯƠNG MẠI KHẢI HOÀN","Phú Thọ","Miền Bắc",0.1099,"Nguy cơ cao",1
"KH-00465","2026-03-25",6,4,82735909,20683977.0,4,12947037.0,1,"CÔNG TY CỔ PHẦN KHẢI HOÀN","Quảng Ninh","Miền Bắc",0.1986,"Nguy cơ cao",1
"KH-00466","2026-03-14",17,3,148609865,49536622.0,3,-16319348.0,1,"HỘ KINH DOANH HÙNG CƯỜNG","Quảng Ninh","Miền Bắc",0.2215,"Nguy cơ cao",1
"KH-00467","2026-03-21",10,3,88352203,29450734.0,3,-10448333.0,1,"DOANH NGHIỆP TW TÂY BẮC","Quảng Trị","Miền Trung",0.1893,"Nguy cơ cao",1
"KH-00468","2026-01-26",64,1,28953046,28953046.0,2,0.0,0,"CÔNG TY CỔ PHẦN KHẢI HOÀN","Nghệ An","Miền Trung",0.1182,"Nguy cơ cao",1
"KH-00469","2026-03-31",0,4,140110157,35027539.0,4,-18956198.5,1,"CỬA HÀNG XE ĐẠP HOÀ BÌNH","Nghệ An","Miền Trung",0.2428,"Nguy cơ cao",1
"KH-00470","2026-03-24",7,3,95306648,31768883.0,2,44735554.0,1,"CÔNG TY CỔ PHẦN VĨNH PHÁT","Nghệ An","Miền Trung",0.1481,"Nguy cơ cao",1
"KH-00471","2026-03-30",1,3,139002176,46334059.0,4,28037766.0,1,"CÔNG TY CỔ PHẦN TRÍ ĐỨC","Hà Tĩnh","Miền Trung",0.1509,"Nguy cơ cao",1
"KH-00472","2026-03-13",18,4,122140339,30535085.0,5,21321847.0,1,"CÔNG TY CỔ PHẦN TRÍ ĐỨC","Hà Nội","Miền Bắc",0.1857,"Nguy cơ cao",1
"KH-00473","2026-03-21",10,2,46069992,23034996.0,1,5645560.0,1,"CÔNG TY TNHH TRÍ ĐỨC","Hà Nội","Miền Bắc",0.1404,"Nguy cơ cao",1
"KH-00474","2026-01-26",64,1,39804429,39804429.0,1,0.0,0,"HỘ KINH DOANH MẶT TRỜI","Hưng Yên","Miền Bắc",0.1456,"Nguy cơ cao",1
"KH-00475","2026-03-30",1,6,164615977,27435996.0,3,36893368.0,1,"CỬA HÀNG XE ĐẠP THIÊN AN","Hưng Yên","Miền Bắc",0.3231,"Trung bình",0
"KH-00476","2026-03-10",21,5,265530196,53106039.0,3,54853643.0,1,"CÔNG TY CỔ PHẦN THƯƠNG MẠI MẶT TRỜI","Hưng Yên","Miền Bắc",0.2351,"Nguy cơ cao",1
"KH-00477","2026-03-21",10,7,278536965,39790995.0,4,41629292.5,1,"CỬA HÀNG XE ĐẠP ĐẠI LỢI","Hà Nội","Miền Bắc",0.3627,"Trung bình",0
"KH-00478","2026-01-27",63,1,4527778,4527778.0,0,0.0,0,"CÔNG TY TNHH BÌNH MINH","Hà Nội","Miền Bắc",0.1025,"Nguy cơ cao",1
"KH-00479","2026-01-27",63,1,3333333,3333333.0,0,0.0,0,"DOANH NGHIỆP TW NGỌC ANH","Hà Nội","Miền Bắc",0.101,"Nguy cơ cao",1
"KH-00480","2026-01-27",63,1,22314816,22314816.0,1,0.0,0,"DOANH NGHIỆP TW ĐẠI DƯƠNG","Hà Nội","Miền Bắc",0.1177,"Nguy cơ cao",1
"KH-00481","2026-03-25",6,6,254003280,42333880.0,2,76196652.5,1,"CÔNG TY CỔ PHẦN HOÀ BÌNH","Hà Nội","Miền Bắc",0.2749,"Nguy cơ cao",1
"KH-00482","2026-03-28",3,3,64565447,21521816.0,2,-25178977.0,1,"CỬA HÀNG XE ĐẠP KHẢI HOÀN","Hà Nội","Miền Bắc",0.2085,"Nguy cơ cao",1
"KH-00483","2026-02-27",32,2,113284416,56642208.0,2,-54084430.0,0,"HỘ KINH DOANH VẠN LỢI","Bắc Ninh","Miền Bắc",0.2553,"Nguy cơ cao",1
"KH-00484","2026-03-14",17,3,196730314,65576771.0,3,3338977.0,1,"CÔNG TY CỔ PHẦN THƯƠNG MẠI HOÀ BÌNH","Bắc Ninh","Miền Bắc",0.2163,"Nguy cơ cao",1
"KH-00485","2026-03-27",4,6,175703850,29283975.0,5,33224344.0,1,"CÔNG TY CỔ PHẦN SÁN LẠP","Hà Nội","Miền Bắc",0.2907,"Nguy cơ cao",1
"KH-00486","2026-03-31",0,9,388323052,43147006.0,3,106525900.0,1,"CÔNG TY TNHH VẠN LỢI","Bắc Ninh","Miền Bắc",0.4086,"Trung bình",0
"KH-00487","2026-03-04",27,4,304637537,76159384.0,3,-14907403.5,1,"DOANH NGHIỆP TW TRƯỜNG THỊNH","Bắc Ninh","Miền Bắc",0.2963,"Nguy cơ cao",1
"KH-00488","2026-03-31",0,8,352895228,44111904.0,4,15728842.0,1,"CÔNG TY TNHH TRƯỜNG THỊNH","Ninh Bình","Miền Bắc",0.4667,"Trung bình",0
"KH-00489","2026-03-31",0,6,255881052,42646842.0,4,65598874.0,1,"CÔNG TY CỔ PHẦN ĐÔNG NAM","Phủ Lý","Miền Bắc",0.2512,"Nguy cơ cao",1
"KH-00490","2026-03-09",22,2,40365365,20182682.0,3,1666853.0,1,"CÔNG TY TNHH TÂN TIẾN","Phú Thọ","Miền Bắc",0.1235,"Nguy cơ cao",1
"KH-00491","2026-01-28",62,2,283026601,141513300.0,2,0.0,0,"CÔNG TY TNHH PHÚC AN","Vinh","Miền Bắc",0.3783,"Trung bình",0
"KH-00492","2026-03-31",0,6,207796438,34632740.0,4,46166567.0,1,"HỘ KINH DOANH ĐÔNG NAM","Thanh Hóa","Miền Trung",0.284,"Nguy cơ cao",1
"KH-00493","2026-03-25",6,5,106302102,21260420.0,4,29403560.0,1,"CÔNG TY CỔ PHẦN THƯƠNG MẠI QUANG VINH","TP Hải Phòng","Miền Bắc",0.2451,"Nguy cơ cao",1
"KH-00494","2026-03-30",1,5,251143459,50228692.0,4,181216809.0,1,"HỘ KINH DOANH AN PHÁT","Hà Nội","Miền Bắc",0.0978,"Nguy cơ cao",1
"KH-00495","2026-03-27",4,5,195642181,39128436.0,2,31055549.0,1,"CÔNG TY CỔ PHẦN THƯƠNG MẠI HOÀ BÌNH","Hà Nội","Miền Bắc",0.2758,"Nguy cơ cao",1
"KH-00496","2026-03-21",10,3,80828318,26942773.0,1,-3591664.5,1,"CÔNG TY CỔ PHẦN TOÀN THẮNG","Hà Nội","Miền Bắc",0.2074,"Nguy cơ cao",1
"KH-00497","2026-03-25",6,5,175987173,35197435.0,3,7238609.0,1,"CÔNG TY TNHH THƯƠNG MẠI QUANG VINH","Hưng Yên","Miền Bắc",0.2932,"Nguy cơ cao",1
"KH-00498","2026-03-27",4,6,104852940,17475490.0,5,20446108.0,1,"CỬA HÀNG XE ĐẠP MINH PHƯƠNG","Hưng Yên","Miền Bắc",0.3191,"Trung bình",0
"KH-00499","2026-01-27",63,1,96427756,96427756.0,2,0.0,0,"CÔNG TY CỔ PHẦN THƯƠNG MẠI TÚ ANH","Hưng Yên","Miền Bắc",0.2533,"Nguy cơ cao",1
"KH-00500","2026-01-28",62,1,12458333,12458333.0,1,0.0,0,"CÔNG TY CỔ PHẦN THƯƠNG MẠI VĨNH PHÁT","Hà Nội","Miền Bắc",0.1041,"Nguy cơ cao",1
"KH-00501","2026-03-31",0,7,218567728,31223961.0,5,78754149.5,1,"CÔNG TY CỔ PHẦN VĨNH PHÁT","Thanh Hóa","Miền Trung",0.2925,"Nguy cơ cao",1
"KH-00502","2026-03-13",18,6,152198667,25366444.0,3,35348648.0,1,"CỬA HÀNG XE ĐẠP BÌNH MINH","Hà Nội","Miền Bắc",0.3375,"Trung bình",0
"KH-00503","2026-03-31",0,8,277846036,34730754.0,3,65377749.0,1,"DOANH NGHIỆP TW PHÚ THỊNH","Hà Nội","Miền Bắc",0.4265,"Trung bình",0
"KH-00504","2026-03-16",15,2,40668881,20334440.0,3,-4967775.0,1,"CÔNG TY CỔ PHẦN THƯƠNG MẠI TÂY BẮC","Hà Nội","Miền Bắc",0.1267,"Nguy cơ cao",1
"KH-00505","2026-03-21",10,4,148050332,37012583.0,3,-23496293.0,1,"CÔNG TY CỔ PHẦN TÚ ANH","Nghệ An","Miền Trung",0.2727,"Nguy cơ cao",1
"KH-00506","2026-03-24",7,6,345823068,57637178.0,4,103413499.0,1,"CÔNG TY TNHH THANH BÌNH","Hà Nội","Miền Bắc",0.1984,"Nguy cơ cao",1
"KH-00507","2026-03-07",24,2,113204972,56602486.0,1,41216098.0,1,"CỬA HÀNG XE ĐẠP BÌNH MINH","Phú Thọ","Miền Bắc",0.1571,"Nguy cơ cao",1
"KH-00508","2026-03-25",6,5,179271426,35854285.0,4,112783112.0,1,"CÔNG TY CỔ PHẦN VĨNH PHÁT","TP Hải Phòng","Miền Bắc",0.1519,"Nguy cơ cao",1
"KH-00509","2026-03-31",0,6,167305418,27884236.0,4,25434531.0,1,"CÔNG TY TNHH THƯƠNG MẠI BÌNH MINH","Bắc Ninh","Miền Bắc",0.3202,"Trung bình",0
"KH-00510","2026-03-25",6,4,102576094,25644024.0,1,23006108.0,1,"CỬA HÀNG XE ĐẠP NGỌC ANH","Bắc Ninh","Miền Bắc",0.235,"Nguy cơ cao",1
"KH-00511","2026-03-19",12,3,61305999,20435333.0,4,32890083.0,1,"CÔNG TY TNHH BÌNH MINH","Lào Cai","Miền Bắc",0.1292,"Nguy cơ cao",1
"KH-00512","2026-03-14",17,4,152868857,38217214.0,3,41551104.0,1,"CÔNG TY TNHH ĐẠI DƯƠNG","Phú Thọ","Miền Bắc",0.1947,"Nguy cơ cao",1
"KH-00513","2026-03-19",12,6,263077524,43846254.0,3,38621420.5,1,"CÔNG TY CỔ PHẦN THƯƠNG MẠI ĐÔNG NAM","Hà Nội","Miền Bắc",0.3139,"Trung bình",0
"KH-00514","2026-03-12",19,3,101558121,33852707.0,3,-3223936.0,1,"CỬA HÀNG XE ĐẠP HÙNG CƯỜNG","Hà Nội","Miền Bắc",0.1898,"Nguy cơ cao",1
"KH-00515","2026-03-25",6,3,64399524,21466508.0,3,-5547308.0,1,"CÔNG TY CỔ PHẦN THƯƠNG MẠI SƠN HÀ","TP Hải Phòng","Miền Bắc",0.1743,"Nguy cơ cao",1
"KH-00516","2026-03-14",17,2,49695542,24847771.0,2,-14282218.0,1,"CÔNG TY TNHH SÁN LẠP","Hưng Yên","Miền Bắc",0.1516,"Nguy cơ cao",1
"KH-00517","2026-03-21",10,2,97131647,48565824.0,2,-27034993.0,1,"CỬA HÀNG XE ĐẠP PHÚ THỊNH","Hưng Yên","Miền Bắc",0.1968,"Nguy cơ cao",1
"KH-00518","2026-03-21",10,3,89404799,29801600.0,3,-1291942.5,1,"CÔNG TY TNHH THƯƠNG MẠI VĨNH PHÁT","Hưng Yên","Miền Bắc",0.1798,"Nguy cơ cao",1
"KH-00519","2026-02-27",32,3,155462755,51820918.0,1,88518327.0,0,"CÔNG TY CỔ PHẦN XUÂN MAI","Hưng Yên","Miền Bắc",0.1462,"Nguy cơ cao",1
"KH-00520","2026-01-28",62,1,71704244,71704244.0,2,0.0,0,"CÔNG TY TNHH TÂY BẮC","Ninh Bình","Miền Bắc",0.1939,"Nguy cơ cao",1
"KH-00521","2026-03-27",4,6,178848099,29808016.0,5,17682956.5,1,"CỬA HÀNG XE ĐẠP KHẢI HOÀN","Ninh Bình","Miền Bắc",0.3136,"Trung bình",0
"KH-00522","2026-01-28",62,1,15749995,15749995.0,1,0.0,0,"CÔNG TY TNHH HÙNG CƯỜNG","Ninh Bình","Miền Bắc",0.1084,"Nguy cơ cao",1
"KH-00523","2026-03-24",7,6,77271646,12878608.0,3,28567212.0,1,"HỘ KINH DOANH KHẢI HOÀN","Hà Nội","Miền Bắc",0.3519,"Trung bình",0
"KH-00524","2026-03-16",15,3,125150065,41716688.0,2,70750075.0,1,"CÔNG TY CỔ PHẦN THƯƠNG MẠI TRÍ ĐỨC","Hưng Yên","Miền Bắc",0.1366,"Nguy cơ cao",1
"KH-00525","2026-03-25",6,2,66708500,33354250.0,2,-22391850.0,1,"CỬA HÀNG XE ĐẠP SÁN LẠP","Hưng Yên","Miền Bắc",0.167,"Nguy cơ cao",1
"KH-00526","2026-03-30",1,4,100482015,25120504.0,3,37420917.0,1,"CÔNG TY CỔ PHẦN NAM TIẾN","Hưng Yên","Miền Bắc",0.1858,"Nguy cơ cao",1
"KH-00527","2026-03-13",18,3,91265345,30421782.0,3,5084258.0,1,"CÔNG TY CỔ PHẦN THƯƠNG MẠI HOÀ BÌNH","Hà Nội","Miền Bắc",0.177,"Nguy cơ cao",1
"KH-00528","2026-03-09",22,2,89410999,44705500.0,2,41244343.0,1,"CÔNG TY CỔ PHẦN VẠN LỢI","Bắc Ninh","Miền Bắc",0.1303,"Nguy cơ cao",1
"KH-00529","2026-03-19",12,2,187357931,93678966.0,2,-54232401.0,1,"CÔNG TY CỔ PHẦN THƯƠNG MẠI THIÊN AN","Nghệ An","Miền Trung",0.3224,"Trung bình",0
"KH-00530","2026-03-12",19,2,38353325,19176662.0,1,-4857777.0,1,"DOANH NGHIỆP TW TÂY BẮC","Hà Nội","Miền Bắc",0.1478,"Nguy cơ cao",1
"KH-00531","2026-03-25",6,4,81006652,20251663.0,5,-5706109.0,1,"CÔNG TY TNHH THƯƠNG MẠI VẠN LỢI","Hà Nội","Miền Bắc",0.2053,"Nguy cơ cao",1
"KH-00532","2026-01-28",62,1,31324993,31324993.0,1,0.0,0,"CÔNG TY TNHH THƯƠNG MẠI MẶT TRỜI","Hà Nội","Miền Bắc",0.131,"Nguy cơ cao",1
"KH-00533","2026-03-13",18,3,99111650,33037217.0,2,39731658.0,1,"CÔNG TY TNHH YÊN BÌNH","Phú Thọ","Miền Bắc",0.1578,"Nguy cơ cao",1
"KH-00534","2026-03-13",18,3,91420345,30473448.0,4,51515169.0,1,"DOANH NGHIỆP TW AN PHÁT","Phú Thọ","Miền Bắc",0.1239,"Nguy cơ cao",1
"KH-00535","2026-02-12",47,2,27191100,13595550.0,3,-1961856.0,0,"CỬA HÀNG XE ĐẠP QUANG VINH","Phú Thọ","Miền Bắc",0.1264,"Nguy cơ cao",1
"KH-00536","2026-03-19",12,3,259185131,86395044.0,4,-12094813.0,1,"CỬA HÀNG XE ĐẠP LONG PHÚ","Hà Nội","Miền Bắc",0.2424,"Nguy cơ cao",1
"KH-00537","2026-01-28",62,1,20135548,20135548.0,1,0.0,0,"CÔNG TY CỔ PHẦN ĐÔNG NAM","Bắc Kạn","Miền Bắc",0.1144,"Nguy cơ cao",1
"KH-00538","2026-01-28",62,1,68250264,68250264.0,2,0.0,0,"HỘ KINH DOANH PHÚC AN","Cao Bằng","Miền Bắc",0.1865,"Nguy cơ cao",1
"KH-00539","2026-03-05",26,2,31601843,15800922.0,2,-2782593.0,1,"CỬA HÀNG XE ĐẠP CHI THÀNH","Thái Nguyên","Miền Bắc",0.1333,"Nguy cơ cao",1
"KH-00540","2026-01-29",61,1,2768519,2768519.0,1,0.0,0,"CÔNG TY TNHH NGỌC ANH","Hà Nội","Miền Bắc",0.092,"Nguy cơ cao",1
"KH-00541","2026-01-29",61,1,2361111,2361111.0,1,0.0,0,"HỘ KINH DOANH SÁN LẠP","TP Đà Nẵng","Miền Bắc",0.0915,"Nguy cơ cao",1
"KH-00542","2026-01-29",61,1,2361111,2361111.0,1,0.0,0,"CÔNG TY TNHH THƯƠNG MẠI NAM TIẾN","Lạng Sơn","Miền Bắc",0.0915,"Nguy cơ cao",1
"KH-00543","2026-03-25",6,7,160932822,22990403.0,5,40710310.0,1,"CÔNG TY CỔ PHẦN SƠN HÀ","Hà Nội","Miền Bắc",0.3687,"Trung bình",0
"KH-00544","2026-03-27",4,4,95513958,23878490.0,3,41927676.0,1,"DOANH NGHIỆP TW VIỆT ANH","Hà Nội","Miền Bắc",0.1816,"Nguy cơ cao",1
"KH-00545","2026-03-21",10,6,140603678,23433946.0,3,10452684.0,1,"CÔNG TY CỔ PHẦN AN PHÁT","Phú Thọ","Miền Bắc",0.3746,"Trung bình",0
"KH-00546","2026-03-07",24,4,102786645,25696661.0,2,21292215.0,1,"CÔNG TY CỔ PHẦN SÁN LẠP","Quảng Trị","Miền Trung",0.2301,"Nguy cơ cao",1
"KH-00547","2026-03-29",2,4,76849432,19212358.0,2,8932777.0,1,"DOANH NGHIỆP TW THANH BÌNH","Quảng Ngãi","Miền Trung",0.231,"Nguy cơ cao",1
"KH-00548","2026-03-13",18,2,85288867,42644434.0,2,41127765.0,1,"CÔNG TY TNHH KHẢI HOÀN","Quảng Trị","Miền Trung",0.1268,"Nguy cơ cao",1
"KH-00549","2026-03-25",6,4,107020526,26755132.0,4,57069424.0,1,"CỬA HÀNG XE ĐẠP TÚ ANH","Phú Thọ","Miền Bắc",0.156,"Nguy cơ cao",1
"KH-00550","2026-03-14",17,2,17453698,8726849.0,2,1854074.0,1,"CÔNG TY TNHH ĐÔNG NAM","Phú Thọ","Miền Bắc",0.1189,"Nguy cơ cao",1
"KH-00551","2026-02-04",55,2,106954977,53477488.0,3,66978319.0,0,"CÔNG TY CỔ PHẦN THƯƠNG MẠI SÁN LẠP","Phú Thọ","Miền Bắc",0.1204,"Nguy cơ cao",1
"KH-00552","2026-01-29",61,1,21451568,21451568.0,2,0.0,0,"CỬA HÀNG XE ĐẠP YÊN BÌNH","Phú Thọ","Miền Bắc",0.107,"Nguy cơ cao",1
"KH-00553","2026-03-11",20,8,380577401,47572175.0,4,-47583000.0,1,"CÔNG TY CỔ PHẦN SƠN HÀ","Hà Nội","Miền Bắc",0.5828,"Trung bình",0
"KH-00554","2026-01-29",61,1,29284994,29284994.0,1,0.0,0,"CÔNG TY CỔ PHẦN THƯƠNG MẠI SÁN LẠP","Hà Nội","Miền Bắc",0.1275,"Nguy cơ cao",1
"KH-00555","2026-03-27",4,4,75368493,18842123.0,4,32616655.0,1,"CỬA HÀNG XE ĐẠP TRƯỜNG THỊNH","Ninh Bình","Miền Bắc",0.1757,"Nguy cơ cao",1
"KH-00556","2026-03-20",11,8,136927734,17115967.0,4,9802405.5,1,"DOANH NGHIỆP TW THIÊN AN","Hà Nội","Miền Bắc",0.5565,"Trung bình",0
"KH-00557","2026-03-23",8,5,149525429,29905086.0,4,-33003603.5,1,"CÔNG TY TNHH THƯƠNG MẠI MINH PHƯƠNG","Hà Nội","Miền Bắc",0.3368,"Trung bình",0
"KH-00558","2026-03-30",1,15,247521431,16501429.0,4,-8229619.0,1,"CÔNG TY CỔ PHẦN THƯƠNG MẠI SƠN HÀ","Hà Nội","Miền Bắc",0.9587,"Tích cực",0
"KH-00559","2026-03-25",6,4,130582750,32645688.0,3,43752770.0,1,"CÔNG TY TNHH THƯƠNG MẠI TÂY BẮC","Thanh Hóa","Miền Trung",0.1848,"Nguy cơ cao",1
"KH-00560","2026-03-16",15,3,121978308,40659436.0,2,-4902782.0,1,"CÔNG TY CỔ PHẦN THƯƠNG MẠI NGỌC ANH","Hải Phòng","Miền Bắc",0.2118,"Nguy cơ cao",1
"KH-00561","2026-01-30",60,1,47910731,47910731.0,2,0.0,0,"CÔNG TY TNHH THƯƠNG MẠI VĨNH PHÁT","Bắc Ninh","Miền Bắc",0.1469,"Nguy cơ cao",1
"KH-00562","2026-03-30",1,9,189727644,21080849.0,4,17590130.0,1,"CÔNG TY CỔ PHẦN THƯƠNG MẠI NAM TIẾN","Hà Nội","Miền Bắc",0.6194,"Tích cực",0
"KH-00563","2026-03-27",4,9,321143241,35682582.0,3,263486585.0,1,"HỘ KINH DOANH YÊN BÌNH","Hà Nội","Miền Bắc",0.203,"Nguy cơ cao",1
"KH-00564","2026-03-25",6,8,386851008,48356376.0,5,70057751.0,1,"CỬA HÀNG XE ĐẠP SÁN LẠP","Thái Bình","Miền Bắc",0.3457,"Trung bình",0
"KH-00565","2026-03-03",28,2,234479759,117239880.0,2,38086845.0,1,"CÔNG TY CỔ PHẦN THƯƠNG MẠI KHẢI HOÀN","Hải Phòng","Miền Bắc",0.2477,"Nguy cơ cao",1
"KH-00566","2026-03-16",15,2,68413880,34206940.0,1,-19930550.0,1,"DOANH NGHIỆP TW PHÚ THỊNH","Hải Phòng","Miền Bắc",0.1822,"Nguy cơ cao",1
"KH-00567","2026-03-25",6,3,55461281,18487094.0,2,6332405.0,1,"CÔNG TY CỔ PHẦN THƯƠNG MẠI SƠN HÀ","TP Hải Phòng","Miền Bắc",0.1722,"Nguy cơ cao",1
"KH-00568","2026-03-25",6,5,195475781,39095156.0,4,18654300.5,1,"DOANH NGHIỆP TW NGỌC ANH","TP Hải Phòng","Miền Bắc",0.2589,"Nguy cơ cao",1
"KH-00569","2026-03-20",11,6,160361897,26726983.0,4,42756611.5,1,"CÔNG TY TNHH VẠN LỢI","TP Huế","Miền Bắc",0.3013,"Trung bình",0
"KH-00570","2026-03-25",6,6,139695891,23282648.0,3,33879164.5,1,"HỘ KINH DOANH TOÀN THẮNG","Hải Phòng","Miền Bắc",0.3342,"Trung bình",0
"KH-00571","2026-03-25",6,5,128870498,25774100.0,5,22462952.5,1,"CỬA HÀNG XE ĐẠP THUỶ TIÊN","Tuyên Quang","Miền Bắc",0.2375,"Nguy cơ cao",1
"KH-00572","2026-01-31",59,1,36044992,36044992.0,2,0.0,0,"CÔNG TY CỔ PHẦN THƯƠNG MẠI VIỆT ANH","Quảng Ninh","Miền Bắc",0.1273,"Nguy cơ cao",1
"KH-00573","2026-03-25",6,2,47634245,23817122.0,3,-5800187.0,1,"DOANH NGHIỆP TW THANH BÌNH","Quảng Ninh","Miền Bắc",0.1286,"Nguy cơ cao",1
"KH-00574","2026-01-31",59,1,34270830,34270830.0,0,0.0,0,"CỬA HÀNG XE ĐẠP LONG PHÚ","Quảng Ninh","Miền Bắc",0.1455,"Nguy cơ cao",1
"KH-00575","2026-03-25",6,3,140046168,46682056.0,2,25762878.0,1,"CÔNG TY CỔ PHẦN THƯƠNG MẠI NAM TIẾN","Quảng Ninh","Miền Bắc",0.1801,"Nguy cơ cao",1
"KH-00576","2026-01-31",59,1,21478325,21478325.0,2,0.0,0,"DOANH NGHIỆP TW THIÊN AN","Quảng Ninh","Miền Bắc",0.1065,"Nguy cơ cao",1
"KH-00577","2026-03-11",20,2,137491344,68745672.0,4,3552672.0,1,"CÔNG TY CỔ PHẦN THƯƠNG MẠI ĐẠI DƯƠNG","Hưng Yên","Miền Bắc",0.1725,"Nguy cơ cao",1
"KH-00578","2026-03-19",12,4,70058877,17514719.0,2,13911387.5,1,"DOANH NGHIỆP TW NGỌC ANH","Hà Nội","Miền Bắc",0.2287,"Nguy cơ cao",1
"KH-00579","2026-01-31",59,1,34270830,34270830.0,0,0.0,0,"CÔNG TY TNHH THƯƠNG MẠI XÂY DỰNG","Quảng Ninh","Miền Bắc",0.1455,"Nguy cơ cao",1
"KH-00580","2026-03-18",13,4,84347851,21086963.0,3,34787855.0,1,"CÔNG TY CỔ PHẦN THƯƠNG MẠI LONG PHÚ","Đà Nẵng","Miền Trung",0.1916,"Nguy cơ cao",1
"KH-00581","2026-03-20",11,2,74082762,37041381.0,1,15340558.0,1,"DOANH NGHIỆP TW SƠN HÀ","Điện Biên","Miền Bắc",0.1501,"Nguy cơ cao",1
"KH-00582","2026-03-20",11,2,61546653,30773326.0,2,3233331.0,1,"HỘ KINH DOANH LONG PHÚ","Điện Biên","Miền Bắc",0.1416,"Nguy cơ cao",1
"KH-00583","2026-03-01",30,2,31195269,15597634.0,2,-1794537.0,1,"CÔNG TY TNHH THƯƠNG MẠI THANH BÌNH","Đà Nẵng","Miền Trung",0.1335,"Nguy cơ cao",1
"KH-00584","2026-03-18",13,5,206414382,41282876.0,4,-23475549.5,1,"CÔNG TY TNHH CHI THÀNH","Hà Nội","Miền Bắc",0.3244,"Trung bình",0
"KH-00585","2026-03-07",24,2,77948867,38974434.0,3,-10133513.0,1,"CÔNG TY TNHH TÂY BẮC","Tuyên Quang","Miền Bắc",0.1576,"Nguy cơ cao",1
"KH-00586","2026-03-14",17,2,227250785,113625392.0,5,-78406371.0,1,"CÔNG TY CỔ PHẦN THƯƠNG MẠI MINH PHƯƠNG","Phú Thọ","Miền Bắc",0.3495,"Trung bình",0
"KH-00587","2026-03-31",0,5,154618670,30923734.0,3,119427566.0,1,"DOANH NGHIỆP TW AN PHÁT","Hà Nội","Miền Bắc",0.1554,"Nguy cơ cao",1
"KH-00588","2026-03-25",6,3,68879802,22959934.0,2,-6926203.0,1,"CÔNG TY CỔ PHẦN TÂY BẮC","Hà Nội","Miền Bắc",0.1907,"Nguy cơ cao",1
"KH-00589","2026-02-02",57,1,16527777,16527777.0,1,0.0,0,"DOANH NGHIỆP TW KHẢI HOÀN","Hà Nội","Miền Bắc",0.1081,"Nguy cơ cao",1
"KH-00590","2026-02-02",57,1,2268519,2268519.0,1,0.0,0,"CÔNG TY TNHH TOÀN THẮNG","Thanh Hóa","Miền Trung",0.0905,"Nguy cơ cao",1
"KH-00591","2026-02-03",56,1,9157407,9157407.0,0,0.0,0,"CÔNG TY TNHH THƯƠNG MẠI KHẢI HOÀN","Hà Nội","Miền Bắc",0.1067,"Nguy cơ cao",1
"KH-00592","2026-02-03",56,1,14944444,14944444.0,1,0.0,0,"CỬA HÀNG XE ĐẠP SÁN LẠP","TP Đà Nẵng","Miền Bắc",0.1057,"Nguy cơ cao",1
"KH-00593","2026-02-09",50,2,5185186,2592593.0,1,0.0,0,"CÔNG TY CỔ PHẦN NGỌC ANH","Hà Nội","Miền Bắc",0.1333,"Nguy cơ cao",1
"KH-00594","2026-03-31",0,6,517444621,86240770.0,4,174561455.0,1,"DOANH NGHIỆP TW LONG PHÚ","Nghệ An","Miền Trung",0.1165,"Nguy cơ cao",1
"KH-00595","2026-02-04",55,1,34527950,34527950.0,3,0.0,0,"CÔNG TY CỔ PHẦN THƯƠNG MẠI YÊN BÌNH","Tuyên Quang","Miền Bắc",0.1143,"Nguy cơ cao",1
"KH-00596","2026-03-11",20,2,59219429,29609714.0,1,4350553.0,1,"DOANH NGHIỆP TW THUỶ TIÊN","TP Hải Phòng","Miền Bắc",0.1535,"Nguy cơ cao",1
"KH-00597","2026-03-18",13,2,124993024,62496512.0,5,16716762.0,1,"CÔNG TY TNHH THƯƠNG MẠI PHÚ THỊNH","TP Hải Phòng","Miền Bắc",0.1377,"Nguy cơ cao",1
"KH-00598","2026-03-01",30,2,60865905,30432952.0,3,-3131479.0,1,"DOANH NGHIỆP TW SƠN HÀ","Hải Phòng","Miền Bắc",0.1421,"Nguy cơ cao",1
"KH-00599","2026-02-04",55,1,24137774,24137774.0,1,0.0,0,"CÔNG TY CỔ PHẦN XÂY DỰNG","Ninh Bình","Miền Bắc",0.1181,"Nguy cơ cao",1
"KH-00600","2026-03-25",6,2,50129802,25064901.0,2,302042.0,1,"CỬA HÀNG XE ĐẠP TOÀN THẮNG","Hưng Yên","Miền Bắc",0.1354,"Nguy cơ cao",1
"KH-00601","2026-03-27",4,3,40957770,13652590.0,3,4629628.0,1,"HỘ KINH DOANH PHÚ THỊNH","Hà Nội","Miền Bắc",0.1563,"Nguy cơ cao",1
"KH-00602","2026-02-04",55,1,33720915,33720915.0,3,0.0,0,"CÔNG TY TNHH THƯƠNG MẠI THIÊN AN","Hà Nội","Miền Bắc",0.1132,"Nguy cơ cao",1
"KH-00603","2026-03-25",6,2,93938873,46969436.0,2,13133323.0,1,"CÔNG TY CỔ PHẦN QUANG VINH","Đà Nẵng","Miền Trung",0.152,"Nguy cơ cao",1
"KH-00604","2026-03-25",6,2,44283325,22141662.0,1,-6155557.0,1,"CÔNG TY CỔ PHẦN THƯƠNG MẠI PHÚC AN","Đà Nẵng","Miền Trung",0.1483,"Nguy cơ cao",1
"KH-00605","2026-03-24",7,21,477035002,22715952.0,4,82726592.0,1,"CÔNG TY CỔ PHẦN VĨNH PHÁT","TP Hải Phòng","Miền Bắc",0.9898,"Tích cực",0
"KH-00606","2026-03-21",10,3,46314992,15438331.0,1,452222.0,1,"CỬA HÀNG XE ĐẠP BÌNH MINH","Bắc Ninh","Miền Bắc",0.1903,"Nguy cơ cao",1
"KH-00607","2026-03-31",0,5,188444415,37688883.0,3,50151107.0,1,"CÔNG TY TNHH TÚ ANH","Nghệ An","Miền Trung",0.2312,"Nguy cơ cao",1
"KH-00608","2026-03-18",13,5,158372192,31674438.0,3,16548884.0,1,"CÔNG TY TNHH THƯƠNG MẠI TÚ ANH","Quảng Trị","Miền Trung",0.2837,"Nguy cơ cao",1
"KH-00609","2026-03-11",20,3,91827748,30609249.0,3,-4089814.0,1,"DOANH NGHIỆP TW NGỌC ANH","Hưng Yên","Miền Bắc",0.1878,"Nguy cơ cao",1
"KH-00610","2026-03-19",12,2,40836475,20418238.0,2,-7939813.0,1,"DOANH NGHIỆP TW HÙNG CƯỜNG","Hưng Yên","Miền Bắc",0.1386,"Nguy cơ cao",1
"KH-00611","2026-03-25",6,2,41169157,20584578.0,2,-12086385.0,1,"CÔNG TY TNHH VIỆT ANH","Thái Bình","Miền Bắc",0.1404,"Nguy cơ cao",1
"KH-00612","2026-03-02",29,2,107579235,53789618.0,3,3365191.0,1,"DOANH NGHIỆP TW XÂY DỰNG","TP Hải Phòng","Miền Bắc",0.1672,"Nguy cơ cao",1
"KH-00613","2026-03-11",20,2,46191650,23095825.0,2,13797222.0,1,"DOANH NGHIỆP TW HÙNG CƯỜNG","Quảng Ninh","Miền Bắc",0.1266,"Nguy cơ cao",1
"KH-00614","2026-03-25",6,2,78672394,39336197.0,3,-17597586.0,1,"CỬA HÀNG XE ĐẠP NAM TIẾN","Quảng Ninh","Miền Bắc",0.1585,"Nguy cơ cao",1
"KH-00615","2026-03-20",11,3,103794046,34598015.0,3,12215920.0,1,"CÔNG TY CỔ PHẦN THƯƠNG MẠI QUANG VINH","Hải Phòng","Miền Bắc",0.1711,"Nguy cơ cao",1
"KH-00616","2026-02-06",53,1,2768519,2768519.0,1,0.0,0,"CÔNG TY CỔ PHẦN TRÍ ĐỨC","Hà Nội","Miền Bắc",0.0902,"Nguy cơ cao",1
"KH-00617","2026-03-04",27,2,26944444,13472222.0,0,6944444.0,1,"CÔNG TY CỔ PHẦN ĐẠI LỢI","Hà Nội","Miền Bắc",0.144,"Nguy cơ cao",1
"KH-00618","2026-02-07",52,1,26313330,26313330.0,1,0.0,0,"HỘ KINH DOANH ĐÔNG NAM","Nghệ An","Miền Trung",0.1203,"Nguy cơ cao",1
"KH-00619","2026-02-07",52,1,3231481,3231481.0,1,0.0,0,"CỬA HÀNG XE ĐẠP VĨNH PHÁT","TP Đà Nẵng","Miền Bắc",0.0905,"Nguy cơ cao",1
"KH-00620","2026-03-06",25,2,67909061,33954530.0,3,29436841.0,1,"CỬA HÀNG XE ĐẠP ĐẠI DƯƠNG","Hà Tĩnh","Miền Trung",0.1185,"Nguy cơ cao",1
"KH-00621","2026-03-25",6,2,83724512,41862256.0,2,-34600082.0,1,"CÔNG TY TNHH SƠN HÀ","Hưng Yên","Miền Bắc",0.1927,"Nguy cơ cao",1
"KH-00622","2026-03-28",3,2,51428229,25714114.0,2,6862871.0,1,"CÔNG TY CỔ PHẦN XUÂN MAI","Lào Cai","Miền Bắc",0.1299,"Nguy cơ cao",1
"KH-00623","2026-02-07",52,1,28701662,28701662.0,1,0.0,0,"","","",0.1239,"Nguy cơ cao",1
"KH-00624","2026-02-25",34,2,187646074,93823037.0,2,0.0,0,"","","",0.2562,"Nguy cơ cao",1
"KH-00625","2026-02-07",52,1,64901093,64901093.0,2,0.0,0,"","","",0.1756,"Nguy cơ cao",1
"KH-00626","2026-02-07",52,1,167804584,167804584.0,2,0.0,0,"","","",0.4686,"Trung bình",0
"KH-00627","2026-02-09",50,1,4527778,4527778.0,0,0.0,0,"","","",0.0992,"Nguy cơ cao",1
"KH-00628","2026-02-09",50,1,61323876,61323876.0,1,0.0,0,"","","",0.1807,"Nguy cơ cao",1
"KH-00629","2026-02-09",50,1,38233229,38233229.0,3,0.0,0,"","","",0.1182,"Nguy cơ cao",1
"KH-00630","2026-02-26",33,2,53407207,26703604.0,3,0.0,0,"","","",0.1359,"Nguy cơ cao",1
"KH-00631","2026-02-27",32,2,74037193,37018596.0,3,0.0,0,"","","",0.1485,"Nguy cơ cao",1
"KH-00632","2026-02-09",50,1,13301104,13301104.0,2,0.0,0,"","","",0.0941,"Nguy cơ cao",1
"KH-00633","2026-02-09",50,1,21803886,21803886.0,1,0.0,0,"","","",0.1133,"Nguy cơ cao",1
"KH-00634","2026-02-12",47,2,35434991,17717496.0,2,0.0,0,"","","",0.1401,"Nguy cơ cao",1
"KH-00635","2026-02-10",49,1,49836649,49836649.0,4,0.0,0,"","","",0.1254,"Nguy cơ cao",1
"KH-00636","2026-02-10",49,1,36113882,36113882.0,1,0.0,0,"","","",0.1344,"Nguy cơ cao",1
"KH-00637","2026-02-10",49,1,19377401,19377401.0,2,0.0,0,"","","",0.1013,"Nguy cơ cao",1
"KH-00638","2026-02-10",49,1,20364997,20364997.0,1,0.0,0,"","","",0.1111,"Nguy cơ cao",1
"KH-00639","2026-02-13",46,2,63937482,31968741.0,2,0.0,0,"","","",0.1584,"Nguy cơ cao",1
"KH-00640","2026-02-11",48,1,30611100,30611100.0,1,0.0,0,"","","",0.1255,"Nguy cơ cao",1
"KH-00641","2026-02-11",48,1,84074072,84074072.0,1,0.0,0,"","","",0.231,"Nguy cơ cao",1
"KH-00642","2026-02-11",48,1,2398148,2398148.0,1,0.0,0,"","","",0.0886,"Nguy cơ cao",1
"KH-00643","2026-02-11",48,1,4527778,4527778.0,1,0.0,0,"","","",0.091,"Nguy cơ cao",1
"KH-00644","2026-02-12",47,3,40240820,13413607.0,2,0.0,0,"","","",0.1906,"Nguy cơ cao",1
"KH-00645","2026-02-11",48,2,11398330,5699165.0,1,0.0,0,"","","",0.1364,"Nguy cơ cao",1
"KH-00646","2026-02-11",48,2,154201803,77100902.0,4,0.0,0,"","","",0.2011,"Nguy cơ cao",1
"KH-00647","2026-02-26",33,7,71840255,10262894.0,4,0.0,0,"","","",0.5017,"Trung bình",0
"KH-00648","2026-02-12",47,1,28859431,28859431.0,2,0.0,0,"","","",0.1133,"Nguy cơ cao",1
"KH-00649","2026-02-12",47,1,31729991,31729991.0,2,0.0,0,"","","",0.1173,"Nguy cơ cao",1
"KH-00650","2026-02-12",47,1,29201935,29201935.0,3,0.0,0,"","","",0.105,"Nguy cơ cao",1
"KH-00651","2026-02-12",47,1,26088879,26088879.0,3,0.0,0,"","","",0.101,"Nguy cơ cao",1
"KH-00652","2026-02-12",47,1,26590271,26590271.0,2,0.0,0,"","","",0.1102,"Nguy cơ cao",1
"KH-00653","2026-02-12",47,1,15308884,15308884.0,2,0.0,0,"","","",0.0958,"Nguy cơ cao",1
"KH-00654","2026-02-12",47,1,26218142,26218142.0,3,0.0,0,"","","",0.1012,"Nguy cơ cao",1
"KH-00655","2026-02-13",46,1,16713883,16713883.0,1,0.0,0,"","","",0.1054,"Nguy cơ cao",1
"KH-00656","2026-02-13",46,3,152467729,50822576.0,3,0.0,0,"","","",0.2168,"Nguy cơ cao",1
"KH-00657","2026-02-13",46,1,26111103,26111103.0,2,0.0,0,"","","",0.1092,"Nguy cơ cao",1
"KH-00658","2026-02-26",33,2,364403087,182201544.0,3,0.0,0,"","","",0.4385,"Trung bình",0
"KH-00659","2026-02-13",46,1,56105545,56105545.0,1,0.0,0,"","","",0.1688,"Nguy cơ cao",1
"KH-00660","2026-02-13",46,1,54438877,54438877.0,3,0.0,0,"","","",0.1422,"Nguy cơ cao",1
"KH-00661","2026-02-13",46,1,24309254,24309254.0,2,0.0,0,"","","",0.1069,"Nguy cơ cao",1
"KH-00662","2026-02-26",33,2,63328316,31664158.0,3,0.0,0,"","","",0.142,"Nguy cơ cao",1
"KH-00663","2026-02-26",33,2,33862215,16931108.0,1,0.0,0,"","","",0.1454,"Nguy cơ cao",1
"KH-00664","2026-02-13",46,1,41239152,41239152.0,3,0.0,0,"","","",0.1214,"Nguy cơ cao",1
"KH-00665","2026-02-13",46,1,79700538,79700538.0,2,0.0,0,"","","",0.2045,"Nguy cơ cao",1
"KH-00666","2026-02-13",46,1,86289695,86289695.0,3,0.0,0,"","","",0.2046,"Nguy cơ cao",1
"KH-00667","2026-02-13",46,2,43433323,21716662.0,1,0.0,0,"","","",0.1563,"Nguy cơ cao",1
"KH-00668","2026-02-13",46,1,49396660,49396660.0,1,0.0,0,"","","",0.1562,"Nguy cơ cao",1
"KH-00669","2026-02-13",46,1,18054252,18054252.0,3,0.0,0,"","","",0.0912,"Nguy cơ cao",1
"KH-00670","2026-02-13",46,1,40092215,40092215.0,2,0.0,0,"","","",0.1295,"Nguy cơ cao",1
"KH-00671","2026-02-25",34,3,120261816,40087272.0,3,0.0,0,"","","",0.1993,"Nguy cơ cao",1
"KH-00672","2026-02-13",46,1,28903880,28903880.0,1,0.0,0,"","","",0.1224,"Nguy cơ cao",1
"KH-00673","2026-02-13",46,2,32380548,16190274.0,2,0.0,0,"","","",0.1379,"Nguy cơ cao",1
"KH-00674","2026-02-13",46,1,9953332,9953332.0,1,0.0,0,"","","",0.0969,"Nguy cơ cao",1
"KH-00675","2026-02-22",37,1,2768519,2768519.0,1,0.0,0,"","","",0.0866,"Nguy cơ cao",1
"KH-00676","2026-02-23",36,1,2500000,2500000.0,0,0.0,0,"","","",0.0934,"Nguy cơ cao",1
"KH-00677","2026-02-23",36,1,40740740,40740740.0,1,0.0,0,"","","",0.1377,"Nguy cơ cao",1
"KH-00678","2026-02-24",35,1,16797398,16797398.0,2,0.0,0,"","","",0.0947,"Nguy cơ cao",1
"KH-00679","2026-02-24",35,2,25507860,12753930.0,1,0.0,0,"","","",0.1408,"Nguy cơ cao",1
"KH-00680","2026-02-24",35,1,72031096,72031096.0,2,0.0,0,"","","",0.1832,"Nguy cơ cao",1
"KH-00681","2026-02-24",35,1,44205546,44205546.0,2,0.0,0,"","","",0.1325,"Nguy cơ cao",1
"KH-00682","2026-02-24",35,1,13187212,13187212.0,2,0.0,0,"","","",0.0905,"Nguy cơ cao",1
"KH-00683","2026-02-24",35,1,41769992,41769992.0,1,0.0,0,"","","",0.1391,"Nguy cơ cao",1
"KH-00684","2026-02-24",35,1,40791838,40791838.0,3,0.0,0,"","","",0.1175,"Nguy cơ cao",1
"KH-00685","2026-02-25",34,1,2500000,2500000.0,0,0.0,0,"","","",0.093,"Nguy cơ cao",1
"KH-00686","2026-02-25",34,1,26074995,26074995.0,1,0.0,0,"","","",0.1148,"Nguy cơ cao",1
"KH-00687","2026-02-25",34,1,95224982,95224982.0,3,0.0,0,"","","",0.2197,"Nguy cơ cao",1
"KH-00688","2026-02-26",33,1,50163875,50163875.0,1,0.0,0,"","","",0.1529,"Nguy cơ cao",1
"KH-00689","2026-02-26",33,2,27132399,13566200.0,2,0.0,0,"","","",0.1306,"Nguy cơ cao",1
"KH-00690","2026-02-26",33,1,92160534,92160534.0,2,0.0,0,"","","",0.2275,"Nguy cơ cao",1
"KH-00691","2026-02-26",33,1,15916666,15916666.0,1,0.0,0,"","","",0.1011,"Nguy cơ cao",1
"KH-00692","2026-02-26",33,1,25886013,25886013.0,3,0.0,0,"","","",0.0973,"Nguy cơ cao",1
"KH-00693","2026-02-26",33,1,35016657,35016657.0,2,0.0,0,"","","",0.118,"Nguy cơ cao",1
"KH-00694","2026-02-26",33,1,58284432,58284432.0,3,0.0,0,"","","",0.1443,"Nguy cơ cao",1
"KH-00695","2026-02-27",32,1,3518519,3518519.0,0,0.0,0,"","","",0.0937,"Nguy cơ cao",1
"KH-00696","2026-02-27",32,2,118360054,59180027.0,3,0.0,0,"","","",0.1797,"Nguy cơ cao",1
"KH-00697","2026-02-27",32,1,16371662,16371662.0,2,0.0,0,"","","",0.0935,"Nguy cơ cao",1
"KH-00698","2026-02-27",32,1,118223676,118223676.0,3,0.0,0,"","","",0.2778,"Nguy cơ cao",1
"KH-00699","2026-02-27",32,1,34066101,34066101.0,2,0.0,0,"","","",0.1164,"Nguy cơ cao",1
"KH-00700","2026-02-27",32,1,26606659,26606659.0,1,0.0,0,"","","",0.115,"Nguy cơ cao",1
"KH-00701","2026-02-27",32,1,36290551,36290551.0,2,0.0,0,"","","",0.1196,"Nguy cơ cao",1
"KH-00702","2026-02-28",31,1,74234242,74234242.0,2,0.0,0,"","","",0.1861,"Nguy cơ cao",1
